"fire","point","int.1","int.2","int.3","int.4","int.5","fa","lat","snag.ct","cc","elev.res"
"Azusa","DM01",0,NA,0,0,0,9,37.9390272242432,0,56.2770108874239,682.724257059668
"Harding","RM01",0,0,0,0,0,4,39.6444222747509,0,42.7727695901544,-636.669396516351
"Hooker","RM01",0,0,0,0,0,6,36.0980073207486,0,0.939167348970783,816.857597454447
"Moonlight","RM08",1,NA,0,1,NA,2,40.2257459182018,0,24.8972324242445,-216.946600909485
"Manter","RG03",0,0,0,0,0,9,36.0512721907204,1,1.81437493119608,-265.630531786151
"Azusa","RS03",0,0,0,0,0,9,37.9383147861396,1,78.1050432082612,962.381444273227
"Inyo Complex","RG03",0,0,0,0,0,2,36.8437718853583,4,97.6583688357898,-768.293504470793
"Inyo Complex","RM02",0,0,0,0,0,2,36.8444449568905,2,86.3726123516768,-669.969634191731
"Bassetts","RG01",0,NA,0,0,0,3,39.6280426509050,0,46.2000235049511,95.4490142436794
"Plum","DM12",0,0,0,0,0,7,38.7561763009998,0,40.6817389725192,-1234.07786297619
"Kibbie","DM05",0,NA,0,0,0,6,38.0406558677853,0,9.65040971169843,166.626187345134
"Mud","JS06",1,NA,1,NA,NA,6,38.4448885113595,7,42.128987652627,906.135883295045
"Kibbie","RS06",0,0,0,0,0,6,38.0208548942794,22,92.3350038067327,-897.901695663247
"Sawmill","RM01",0,0,0,0,0,9,36.9002295914341,1,37.2275342812292,-380.127041253636
"Inyo Complex","RG01",0,0,0,0,0,2,36.8438148559799,1,99.589268729787,-998.272827757334
"Inyo Complex","RM01",0,0,0,0,0,2,36.8439172939817,0,97.596269733102,-866.223536377976
"Birch","DM07",0,NA,0,0,0,7,37.5429851770301,5,99.1264091378819,782.155733187697
"Birch","DM04",0,0,0,0,0,7,37.5479428424661,2,99.7935484411085,390.541275305355
"Inyo Complex","RM05",0,0,0,0,0,2,36.8443030763410,0,98.8088893729724,379.962095363061
"Bell West","HP10",0,NA,0,0,0,10,41.4555657931348,0,18.0773208304617,-565.178732210719
"Birch","DM06",0,0,0,0,0,7,37.5445523001765,1,99.4970689129546,650.909805506121
"Birch","RS01",0,0,0,0,0,7,37.5480213091899,1,89.7623300148235,-265.420967876063
"Bell West","RM07",0,0,0,0,0,10,41.4735889474416,0,52.1810256077764,-596.50630478557
"Inyo Complex","RG02",0,0,0,0,0,2,36.8433605654930,2,99.9988542198644,-866.491424414196
"Bell West","RM06",0,NA,0,0,0,10,41.4713700068694,3,0,-537.57402027785
"Birch","DM05",0,NA,0,0,0,7,37.5462401123788,2,100,520.721951292733
"Rich","HP07",0,0,0,0,0,1,40.0357950138791,20,98.0630971563675,-2028.34766223529
"Rich","HP06",0,NA,0,0,0,1,40.0379691549254,14,100,-1947.30150349332
"Rich","HP09",0,0,0,0,0,1,40.0364487745584,6,96.8338877156193,-2348.03308400175
"Bell","RM06",0,NA,0,0,0,8,41.7102161294803,0,63.5924536361727,187.354567074926
"Bell West","HP02",0,NA,0,0,0,10,41.4644948933965,0,0.000415846809351611,-615.882204939561
"Bell","RM02",0,NA,0,0,0,8,41.7165653716760,5,99.962506423746,150.409711652261
"Bell","HP02",0,NA,0,0,0,8,41.7234007244708,1,57.66347559751,110.698764169325
"Peterson Complex","HP07",1,NA,0,1,NA,1,40.8971715307028,0,7.45315824004401,-433.86830969133
"Bell","RM08",0,NA,0,0,0,8,41.7143553397968,7,100,159.346282867636
"Blue","HP09",1,NA,1,NA,NA,8,41.1551544779583,3,0.614627868276518,1180.26858382434
"Bell","RM09",0,0,0,0,0,8,41.7166234402862,4,94.87214284784,125.437653254440
"Moonlight","HP10",0,NA,0,0,0,2,40.2208836926154,0,10.7070020473157,-79.2862190365332
"Harding","RM07",1,NA,0,0,0,4,39.6347229219115,1,3.09321306186141,-461.336555890273
"Moonlight","HP09",0,0,0,0,0,2,40.2198112846946,0,17.0738562399253,-59.8022430190722
"Moonlight","HP02",0,NA,0,0,0,2,40.2111395022702,0,9.34294762159256,-343.974953436024
"Peterson Complex","HP03",0,0,0,1,NA,1,40.8877352305855,1,17.0619844216562,-438.408892684528
"Peterson Complex","RM04",0,NA,1,NA,NA,1,40.8836632264601,1,19.2750776206586,-260.36827003054
"Peterson Complex","HP04",1,NA,0,0,0,1,40.8900997514301,9,17.3609477511322,-437.271126504924
"Moonlight","RM05",0,0,0,0,0,2,40.218617370213,0,1.98724271415328,-310.376733838894
"Horton2","RG06",0,NA,0,1,NA,10,39.8915864126472,2,55.2115148095499,22.2616746778206
"Moonlight","RM06",1,NA,1,NA,NA,2,40.2210233578605,0,1.38082906448726,-219.219014557154
"Antelope Complex","HP10",0,NA,1,NA,NA,2,40.1177052013458,17,87.5735874051935,531.066090989768
"Bell West","RM11",0,0,0,0,0,10,41.4709685601979,0,0.0395053645142719,-637.76718941264
"Fletcher","RM07",0,0,0,0,0,2,41.9621029871492,1,19.5239632317149,933.558128632326
"Horton2","RG08",0,NA,0,0,0,10,39.8938348562376,0,0.281688595606068,63.343586507758
"Peterson Complex","HP01",0,0,0,0,0,1,40.8833557368512,7,0.503329826985157,-440.516228665959
"Peterson Complex","RM09",0,0,0,0,0,1,40.8946099436483,3,8.13957179197538,-535.100900693172
"Antelope Complex","HP06",0,NA,0,0,0,2,40.1124197115414,12,100,568.522805505176
"Peterson Complex","HP02",0,NA,0,0,0,1,40.8854469429029,0,1.11290798934966,-479.509976796519
"Peterson Complex","RM07",0,0,0,1,NA,1,40.8898956281663,2,18.1017501748472,-277.369347058382
"Bell West","RM05",0,0,0,0,0,10,41.4699286874671,1,0,-538.26755802935
"Peterson Complex","HP05",0,0,1,NA,NA,1,40.892368392987,1,7.21257506799425,-436.179495765875
"Horton2","RG10",0,NA,0,0,0,10,39.892661999154,1,23.2113203053822,62.7792281404893
"Peterson Complex","RM03",0,0,0,0,1,1,40.8824601495328,0,5.5450158496966,-320.94716965939
"Fletcher","HP05",0,0,0,0,0,2,41.9729178903086,3,25.941194588109,853.76207135863
"Fletcher","HP09",1,NA,1,NA,NA,2,41.9755779326917,0,99.962739284773,1055.04203734697
"Peterson Complex","RM08",0,NA,1,NA,NA,1,40.8922842121399,0,8.6610170093184,-426.220002120904
"Peterson Complex","HP06",0,NA,0,1,NA,1,40.8948562178843,15,69.8745071301159,-434.982397827243
"Blue","HP02",0,NA,0,0,0,8,41.1436460241148,0,0,984.730916608354
"Harding","RG02",0,NA,0,0,0,4,39.6487978167167,0,55.7134799465644,-654.563962056978
"Fletcher","RM01",0,0,0,1,NA,2,41.9735692356461,0,81.5783129129228,1304.07548737183
"Harding","RG10",0,NA,0,0,0,4,39.6478151256458,3,97.3308664817737,-215.036815856522
"Boulder Complex","HP08",0,NA,0,0,1,3,40.1899904817322,0,27.0149130484399,-434.151493158574
"Fletcher","HP07",0,0,1,NA,NA,2,41.9759533752653,0,68.6432282275002,880.222693763508
"Harding","RM10",0,NA,0,0,0,4,39.6331101037037,3,71.3026540330054,-342.112615875056
"Harding","RM08",0,NA,0,0,0,4,39.6332435901225,0,21.8746565429763,-382.048384539100
"Bell West","HP08",0,NA,0,1,NA,10,41.4571222924388,0,0,-584.42977189992
"Moonlight","RM04",0,NA,0,0,1,2,40.2167870195611,0,1.69207894745897,-301.257466640765
"Horton2","RG05",0,0,1,NA,NA,10,39.8895399698281,4,89.7372074361925,21.2769620949807
"Blue","HP01",0,0,0,0,0,8,41.1416372684666,0,1.21805000441986,1043.76433843467
"Harding","RG06",0,NA,0,0,0,4,39.6547158381032,8,92.3061835281634,-651.716313410063
"Peterson Complex","RM10",0,NA,0,0,0,1,40.8968588885577,1,11.4287724804831,-614.018747637277
"Boulder Complex","HP01",0,0,0,0,0,3,40.1862203684428,0,17.5856952506315,-535.965605901016
"Bell","RM10",0,NA,0,0,0,8,41.7184443759075,7,80.8696759192525,121.313855707840
"Fletcher","HP10",0,NA,1,NA,NA,2,41.9762366143531,0,99.766331188623,1180.35898347124
"Bell West","HP03",0,0,0,0,0,10,41.4621337106295,0,0,-612.018364894457
"Harding","RM06",1,NA,1,NA,NA,4,39.6360520660032,0,0.115073589391012,-540.696994941248
"Bell West","RM08",0,NA,0,0,0,10,41.474135044671,0,89.0865527240623,-596.243532325852
"Horton2","RG02",0,NA,0,0,0,10,39.8840979950911,0,15.8767177455801,178.658378790820
"Horton2","RG04",0,NA,1,NA,NA,10,39.8881434886455,1,97.2760195288463,100.604999712561
"Bell West","RM01",0,0,0,0,0,10,41.466049943776,0,0,-600.133941825951
"Bell West","HP01",0,0,0,0,0,10,41.4667075915422,0,0.00545681538687849,-619.817493194006
"Harding","RM04",0,NA,0,0,0,4,39.6403404069603,0,55.5189196889701,-538.633520085979
"Horton2","RG09",0,0,0,0,0,10,39.8947903470217,0,31.6067698643574,63.8033520038192
"Horton2","RG01",0,0,0,1,NA,10,39.8818455059282,0,8.08588126494694,217.574520301972
"Harding","RM03",1,NA,1,NA,NA,4,39.6402905634226,0,95.8136040520345,-498.65750392676
"Bell West","RM02",0,NA,0,0,0,10,41.4662003410505,2,0,-580.061573281252
"Fletcher","RM08",0,NA,0,0,0,2,41.9640660116269,1,79.6711356291926,1049.50270176458
"Horton2","RG07",0,0,0,0,0,10,39.8930778388322,1,30.0375991691707,22.9793229390067
"Boulder Complex","HP04",0,NA,0,0,0,3,40.191818172421,0,89.1601002156763,-513.272040284542
"Bell West","RM03",0,0,0,0,0,10,41.4666491054773,1,0,-579.845635668104
"Antelope Complex","RM06",0,NA,1,NA,NA,2,40.095721124322,4,97.5435679045348,320.487736654428
"Bell West","RM09",0,0,0,0,0,10,41.4745065404642,0,94.1403282560235,-616.064775031186
"Boulder Complex","HP06",0,NA,0,0,0,3,40.192512216751,2,90.9566893264456,-472.938078261065
"Peterson Complex","RM01",0,0,0,0,0,1,40.8811940269922,0,0.53812311614639,-501.556405737481
"Harding","RG07",0,0,0,0,0,4,39.6525328559053,8,93.721368456019,-532.76672635995
"Boulder Complex","HP05",0,0,0,0,0,3,40.1921064890967,1,24.9387118408476,-473.133307330093
"Bell West","HP09",0,0,0,0,0,10,41.4562185227428,0,0.965845699887003,-574.864650110701
"Peterson Complex","HP10",0,NA,0,0,0,1,40.9039070736907,7,36.2223075495887,-410.627283912093
"Peterson Complex","HP08",0,NA,0,0,0,1,40.8995048881008,3,85.1432877076243,-452.745538818561
"Bell West","RM10",0,NA,0,0,0,10,41.4736033270229,0,96.8824009108396,-636.49938558191
"Harding","RM02",0,NA,1,NA,NA,4,39.6425277050372,0,54.1624986073239,-567.581030410408
"Bell West","HP06",0,NA,0,0,0,10,41.457199197907,0,0.0010082076895965,-599.392766330293
"Bell West","HP07",0,0,0,0,0,10,41.4577840521426,0,0.046494799780484,-599.111344675339
"Bell West","HP05",0,0,0,0,0,10,41.4588057010329,0,0,-598.619745052748
"Bell West","HP04",0,NA,0,0,0,10,41.46062256692,0,0,-607.745500884447
"Peterson Complex","HP09",0,0,0,0,0,1,40.901861178055,7,21.8575612758557,-471.611733199824
"Moonlight","RM01",0,0,0,0,0,2,40.2104950924504,3,4.76352457519932,-344.285032199104
"Horton2","RM04",1,NA,0,1,NA,10,39.8794215217158,6,34.4275411186477,896.408141387166
"Harding","RG09",0,0,0,0,0,4,39.6484578726012,11,100,-134.727537234780
"Harding","RM05",0,0,1,NA,NA,4,39.6391554130821,0,34.0555860515226,-619.203718467071
"Harding","RG11",0,NA,0,0,0,4,39.6473235384342,8,94.181324644875,-535.27335904664
"Harding","RM09",0,0,0,0,1,4,39.6320635730969,0,31.1551625237422,-382.616188145546
"Harding","RG04",0,NA,0,1,NA,4,39.6524758213088,0,37.7213540470131,-692.794170412776
"Harding","RG08",0,NA,0,0,0,4,39.6504528533559,4,99.975848078383,-413.767587299535
"Harding","RG01",0,0,0,0,0,4,39.6468000998675,0,24.6825550618783,-655.525228553164
"Boulder Complex","HP07",0,0,1,NA,NA,3,40.1912409823467,0,34.036110023237,-473.549774078788
"Azusa","DM03",0,NA,0,0,0,9,37.9372530876411,0,99.153256841051,841.870573477867
"Azusa","RS02",0,NA,0,0,0,9,37.9369295806303,1,75.448331629818,961.714907548088
"Azusa","DM04",0,0,0,0,0,9,37.9363735602261,1,99.3956044742415,881.447360229776
"Azusa","DM02",0,0,0,0,0,9,37.9382095702774,1,42.8561273262143,762.330816235906
"Crater","RS09",0,0,1,NA,NA,8,37.8872908135700,0,21.5559565811038,437.829598823744
"Manter","RM05",0,0,0,0,0,9,36.0272249769392,0,97.6624003840292,42.7983684638005
"Manter","RG11",0,0,0,0,0,9,36.0376255252851,2,10.0734455011561,-272.197069117425
"Crag 04","RG10",0,0,0,0,0,5,36.1597658721538,6,22.8495022551312,1306.57473496694
"Manter","RM09",0,0,0,0,0,9,36.0238530265668,7,99.2893459904533,121.175844770772
"Crag 04","RG07",0,NA,0,0,0,5,36.1626533326476,13,51.982360638588,1107.96413058267
"Manter","RM07",0,0,0,0,0,9,36.0246835099512,1,15.3364500019349,-38.42454111305
"Manter","RG02",0,NA,0,0,0,9,36.0530567619276,1,0.0456216327304319,-264.771827254412
"Crag 04","RM07",0,0,0,0,0,5,36.1573066356825,7,100,1145.39139328015
"Manter","RM10",0,NA,0,0,0,9,36.0223770708157,7,45.3905941760205,160.465640612486
"Manter","RM08",0,NA,0,0,0,9,36.0245846624621,1,42.6983349303851,41.5278951996601
"Crag 04","RG08",0,0,0,0,0,5,36.1622738459932,9,5.771225590578,1067.78152822499
"Crag 04","RM06",0,NA,0,0,0,5,36.1554299546951,20,80.2677159532336,1064.48836712910
"Manter","RG09",0,0,0,0,0,9,36.0411018936884,5,3.56277125859922,-230.524301289581
"Angora","BW02",1,NA,0,0,0,2,38.8946504725444,29,61.7701475308103,342.553492586539
"Mud","JS01",0,0,0,0,0,6,38.4337134954694,15,56.7902135703641,700.75866060516
"Hiram","RS02",0,NA,0,0,0,10,38.4413420801392,2,0,754.429402461957
"Manter","RG08",0,NA,0,0,0,9,36.0430051296957,0,9.39559370989837,-309.60849732623
"Angora","BW04",1,NA,0,0,0,2,38.8992942421879,9,85.0073993947016,504.787993524989
"Angora","DM07",1,NA,0,0,0,2,38.8801119620412,24,100,295.557814967488
"Angora","DM05",0,NA,0,0,0,2,38.8844908081731,24,100,367.664839333942
"Kibbie","DM07",0,NA,0,1,NA,6,38.0446750645967,8,4.42340181973035,253.560154732916
"Kibbie","DM08",0,0,0,0,1,6,38.0466644290805,1,2.55391520796547,334.517402216582
"Angora","DM04",0,0,0,0,0,2,38.8867031817237,20,100,468.729394889998
"Hiram","RS05",0,0,0,0,0,10,38.4436383319236,0,0,1105.53431876080
"Hiram","RS06",0,NA,0,0,0,10,38.4458494157317,3,0,1106.59825371526
"Crag 04","RG06",0,0,0,0,0,5,36.1628789909519,4,47.7296877673725,1068.07271342192
"Angora","DM08",1,NA,0,0,1,2,38.8779399450727,44,100,294.512678294690
"Angora","DM06",0,0,0,0,0,2,38.88223051571,23,99.5178294490067,291.577226033176
"Manter","RM06",0,NA,0,0,0,9,36.0257124881479,1,98.8571511489747,2.07058524391532
"Crag 04","RM08",0,NA,0,0,0,5,36.1583798764470,10,81.0264169611326,905.907818012548
"Hiram","RS01",0,0,0,0,0,10,38.4404711331852,16,0,704.010317982006
"Angora","BW05",0,NA,1,NA,NA,2,38.9013370100741,3,99.9229260315147,705.77093779423
"Angora","BW03",0,NA,1,NA,NA,2,38.8967746183794,17,98.1659232288248,383.575594505045
"Dexter","RS06",1,NA,1,NA,NA,6,37.8376646218448,1,68.776626070444,1413.95034113127
"Gondola","BW06",0,NA,0,1,NA,7,38.9499739011819,6,90.805448800929,809.174161288698
"Hiram","RS04",0,NA,0,0,0,10,38.4426449035447,0,0,805.056298355965
"Crag 04","RM05",0,0,0,0,0,5,36.1536793286849,1,58.098266935428,903.645996433965
"Dexter","RS08",0,NA,1,NA,NA,6,37.8413188832738,1,39.5881800916604,1495.70870797960
"Dexter","RS02",0,NA,0,0,0,6,37.8323017214355,2,40.6427263826648,1411.36980701408
"Crater","RS04",0,NA,0,0,0,8,37.8930232620839,7,62.8989064815674,440.587953041822
"Crater","RS01",0,0,0,0,0,8,37.8966404201555,0,16.24736333926,442.328466401873
"Crater","RS08",1,NA,1,NA,NA,8,37.888352379009,4,54.005749549339,438.340405593196
"Angora","BW01",1,NA,0,0,0,2,38.8924568781558,5,52.6668605194935,321.497973235624
"Dexter","RS03",0,0,0,0,1,6,37.8348727047732,0,10.9170199209261,1412.60691934347
"Crater","DM06",0,0,0,0,0,8,37.8984152126871,9,92.9415017372935,483.182465605507
"Crater","RS07",1,NA,1,NA,NA,8,37.8894357891525,5,53.0007100354258,438.861723653356
"Crater","DM08",0,0,0,0,0,8,37.9009739918020,8,96.2150017802616,364.413705475799
"Dexter","RS04",0,NA,0,0,0,6,37.8363300332527,0,42.3469354865261,1413.30816038363
"Crater","RS02",0,NA,0,0,0,8,37.8957271134876,2,45.5367227658726,441.888999166592
"Dexter","RS07",0,0,1,NA,NA,6,37.8393788480324,19,80.2834122934559,1504.77519686679
"Crater","RS03",0,0,0,0,0,8,37.8949415982712,11,32.2996294477017,441.511022948356
"Crater","RS06",0,NA,0,0,1,8,37.8905197117138,0,83.5807773155005,439.383288280021
"Crater","DM05",0,NA,0,0,0,8,37.8967604861662,3,35.0794544836532,522.386240071582
"Crater","RS10",0,NA,1,NA,NA,8,37.8898530015759,7,36.50660681812,439.062478992916
"Crater","DM04",0,0,0,1,NA,8,37.8952582186596,1,49.3982090921627,541.663375155574
"Crater","DM02",0,0,0,0,1,8,37.8920305021813,0,28.2834560691109,600.110254296122
"Crater","DM09",0,NA,0,0,0,8,37.9023864590159,0,46.493811557818,365.093360057592
"Crag 04","RG09",0,NA,0,0,0,5,36.160835268329,6,0.00409932391022831,1067.08930975004
"Crag 04","RM04",0,NA,0,0,0,5,36.151348100956,2,2.16103177305574,982.524250320812
"Crag 04","RG03",1,NA,1,NA,NA,5,36.1597705757529,8,30.0624909146081,746.576998256768
"Manter","RM04",0,NA,0,0,0,9,36.0286100224603,5,27.5635064264647,-136.535171794593
"Crag 04","RG02",1,NA,1,NA,NA,5,36.1576084073813,4,70.7329262986283,745.536600556984
"Crag 04","RM03",0,0,0,0,1,5,36.1504028798042,0,31.9587307661336,782.069426392648
"Crag 04","RG01",0,NA,0,0,1,5,36.1554879075723,1,19.6699535933731,664.516253042582
"Manter","RG01",0,0,0,0,0,9,36.0550431887513,5,1.15558731267693,-243.815993321536
"Crag 04","RM09",0,0,0,0,0,5,36.1571559821750,0,67.9156008353156,825.318901440603
"Manter","RG04",0,NA,0,0,0,9,36.0504331622792,4,23.4020694241425,-246.034257634583
"Manter","RM03",0,0,0,0,0,9,36.0301948793224,1,5.7961971824163,-195.772566321551
"Manter","RG07",0,0,0,0,0,9,36.0452035321535,0,0.994569393204617,-268.550664416296
"Manter","RG05",0,0,0,0,0,9,36.04869369932,1,16.9250211030615,-246.871256864330
"Crag 04","RG04",0,0,0,0,0,5,36.1618728179905,7,80.0543600957948,787.588560546326
"Crag 04","RG05",0,NA,0,0,0,5,36.1629964152039,0,4.34487017702167,1068.12921592343
"Manter","RG06",0,NA,0,0,0,9,36.0469087350977,0,26.7375334539384,-247.730150508075
"Dexter","RS01",0,0,0,0,0,6,37.8324334692067,3,32.5111181322087,1411.43320174314
"Dexter","RS05",0,1,1,NA,NA,6,37.8365169227406,18,87.4287747903876,1413.39808834479
"Bell","HP04",0,NA,0,0,0,8,41.7279966433118,3,29.2907170594871,81.9102401364037
"Bell","HP01",0,0,0,0,0,8,41.7211587509156,0,8.13745934310061,119.619965607453
"Bell","RM01",0,0,0,0,0,8,41.718701577579,0,60.9549214544315,131.437616665089
"Bell","HP05",0,0,0,0,0,8,41.7301915494087,0,85.5457834356757,36.9663906584705
"Bell","HP06",0,NA,0,0,0,8,41.7324237086664,0,35.4316443006055,63.0404667516041
"Bell","RM05",0,0,0,0,0,8,41.7097116420897,1,83.5991734179462,197.111816543726
"Bell","HP08",0,NA,0,0,0,8,41.7343549390257,0,6.11385049292446,66.9697411087531
"Bell","RM07",0,0,0,0,0,8,41.7116533328858,0,99.1874599811324,178.046124280575
"Bell","HP07",0,0,0,0,0,8,41.734583056241,3,23.2464339869023,61.0795071330819
"Bell","HP09",0,0,0,0,0,8,41.733545979267,4,27.6068186756216,103.580483785769
"Bell","RM03",0,0,0,0,0,8,41.7143099113053,4,95.6036455310194,149.324423470058
"Bell","RM04",0,NA,0,0,0,8,41.7119628503589,0,93.041333595735,168.195058688869
"Bassetts","RG04",0,0,0,0,0,3,39.6209982119111,7,78.1216615948262,-27.9406469047279
"Hooker","RG02",0,NA,0,0,0,6,36.1014325962584,17,0.111775890757125,798.505780273292
"Hooker","RG03",0,0,0,0,0,6,36.1033145707995,0,0,799.411353590029
"Hooker","RG04",0,NA,0,0,0,6,36.1057232717536,1,0.147719871263419,800.570378467569
"Albanita","RG04",0,0,0,0,0,6,36.1104764370819,1,20.6534453293372,402.857518701057
"Albanita","RG05",0,NA,0,0,0,6,36.1125273620426,1,7.51747121428358,463.844388012239
"Hooker","RM02",0,NA,0,0,0,6,36.099323138073,1,0.971964726053563,877.490745795538
"Mud","JS09",0,0,0,0,0,6,38.4516119871024,13,9.9983474023051,909.371102526513
"Cone","HP02",0,NA,0,0,0,7,40.7486478738769,0,52.458453385968,536.664697749293
"Mud","RS08",0,NA,0,0,0,6,38.4241708860179,7,70.8487852628025,816.16692341499
"Mud","JS04",0,NA,0,0,1,6,38.4405242852751,1,17.6362229884145,804.03589384039
"Mud","RS06",0,NA,0,0,0,6,38.4268831995784,4,43.1874073951107,737.472041381984
"Mud","JS10",0,NA,0,0,0,6,38.4537044594412,12,39.3944432883071,975.37796371121
"Mud","JS08",0,NA,1,NA,NA,6,38.4493753774420,10,100,908.294884977241
"Mud","JS07",1,NA,1,NA,NA,6,38.4471658641279,24,97.554764710018,907.231705717094
"Angora","DM09",1,NA,0,0,0,2,38.8763431522237,27,100,303.744329432986
"Mud","JS11",0,NA,0,0,0,6,38.4557062318061,9,56.1300259546974,996.341181650798
"Mud","JS02",0,NA,0,0,0,6,38.4360414789256,8,5.37777396317523,651.87884563089
"Kibbie","RS01",0,NA,0,0,0,6,38.0315163628169,6,11.3446707037614,-192.771583000221
"Mud","JS03",0,0,0,0,0,6,38.4382632656741,5,14.0804190152867,772.947930653551
"Dexter","DM07",0,NA,0,0,0,6,37.8223879846401,2,0.271072550644488,1706.59948982062
"Mud","JS05",0,0,1,NA,NA,6,38.4426310189588,4,15.3795364546859,850.049617335455
"Dexter","DM06",0,0,0,0,0,6,37.8237361804089,7,0,1607.24821810429
"Mud","RS09",0,0,0,0,1,6,38.423901500465,5,85.1335191408312,836.037299786567
"Mud","RS10",0,NA,0,0,1,6,38.4248165412455,3,25.4665476423404,856.477601446578
"Crag 04","RM01",0,0,0,0,0,5,36.1497485686934,0,8.7287538278112,501.754583301073
"Bassetts","RG03",0,NA,0,0,0,3,39.6232237171099,10,23.0295965176555,173.130227371348
"Mud","RS02",0,NA,0,0,0,6,38.4329148067360,0,68.8234389810449,700.374345520366
"Whit","RS02",0,NA,0,0,0,6,38.3874577042792,9,62.1122982635666,178.501180850989
"Mud","RS03",1,NA,0,1,NA,6,38.4313693115909,6,84.4303830006777,699.630680218851
"Bell","HP10",0,NA,0,0,0,8,41.73318679949,3,34.7223611427276,113.407652743234
"McNally","RG05",0,0,0,0,0,7,35.9667175369896,2,70.4974716497803,-2746.31675604282
"Manter","RG10",0,NA,0,0,0,9,36.0399004855905,0,8.49770941993506,-351.102397906835
"Storrie","RM05",0,0,0,0,0,9,39.9970191120009,5,0,952.994050255256
"Storrie","HP08",0,NA,0,0,0,9,39.9788043485272,0,99.9333970765271,264.229423841757
"Storrie","RM06",0,NA,0,1,NA,9,39.9976813189967,6,0.362999347653093,833.312692708943
"Stream","RM03",0,0,0,0,0,8,40.1791503998087,3,100,-319.367551466903
"Manter","RM01",0,0,0,0,0,9,36.0336746141243,3,44.9581016968251,-234.098178641430
"Storrie","HP05",0,0,0,0,0,9,39.9809000404395,0,56.4536289077826,505.237834229059
"North Fork","RM05",0,NA,0,0,0,8,37.2780448980571,2,0,-1475.32890697463
"Storrie","RM03",0,0,0,0,0,9,39.9932061877639,10,2.01212459323862,751.159337631703
"Manter","RM02",0,NA,0,0,0,9,36.0317975076973,3,31.971795213622,44.9985904934095
"Bucks","HP01",0,0,0,0,0,10,39.9296786228904,0,18.5376834976988,-319.409018299985
"Bucks","HP08",0,NA,0,0,0,10,39.9418726923349,0,17.8529985350635,-313.54144481787
"Plum","DM07",0,NA,0,0,0,7,38.7643126292648,0,1.70893162852549,-1400.16280375935
"Freds","DM01",0,NA,0,0,0,5,38.7893701144103,0,74.1002980582379,-508.105579053729
"Power","BW09",0,NA,0,0,0,5,38.5008333522879,0,96.8632194838198,-1086.94443524941
"McNally","RM06",0,NA,0,0,0,7,35.9578167789519,0,67.1554116358916,-2070.59964553024
"Antelope Complex","RM03",0,0,0,1,NA,2,40.1006511621736,0,98.6201987379194,602.859984860454
"Storrie","RM04",0,NA,0,0,0,9,39.9947330808273,3,0,911.89405193603
"Antelope Complex","RM07",0,0,0,0,0,2,40.0933422544642,0,43.7469740997963,279.343065980001
"McNally","RM10",0,NA,0,0,0,7,35.9506997046142,6,93.6811189447225,-1354.02425753891
"Antelope Complex","RM05",0,0,0,0,0,2,40.0971807412646,7,99.7395933389125,481.19007886311
"Scotch","HP11",0,0,0,0,0,1,39.7994597216288,11,81.0372023946793,-382.068081821845
"Scotch","RM03",0,0,0,0,0,1,39.7842118874072,0,0.784731391541843,-309.405073639511
"Fletcher","HP02",0,NA,0,0,1,2,41.9736759721564,1,67.8367764148586,904.12684711849
"Power","BW10",0,0,0,0,0,5,38.5007185531229,0,99.1171813560458,-1246.99967460485
"Antelope Complex","RM04",0,NA,0,0,0,2,40.0988926732491,1,86.4613597828508,482.013830668127
"Kibbie","DM06",0,0,0,0,0,6,38.0425185266616,8,6.26342875714387,112.522466300948
"Fletcher","HP01",0,0,0,0,0,2,41.9730996658357,1,99.7718235131052,1053.84953857106
"Peavine","DM08",0,0,0,0,0,1,39.0656702793268,0,6.86165387982889,-1335.15475995702
"Fletcher","RM06",0,NA,1,NA,NA,2,41.9643573783952,6,48.666363603653,999.642902370374
"Fletcher","HP08",0,NA,0,1,NA,2,41.9767597723446,0,60.3040612715885,780.610717969873
"Fall","BW04",0,0,0,0,0,1,39.3880955320467,33,20.6531037999126,-190.009353295651
"Hooker","RG09",0,0,0,0,0,6,36.1145057000214,8,12.159467211058,964.796329734065
"Antelope Complex","RM09",0,0,0,0,0,2,40.0892921120841,1,60.2470308180776,197.394208124435
"Antelope Complex","RM11",0,0,0,0,0,2,40.0843773360364,0,17.1618937701836,155.029303632189
"Government","BW09",0,NA,0,0,1,1,39.1946380426123,1,34.4984499316377,-353.097722202233
"Moonlight","HP03",0,0,0,1,NA,2,40.2119333330806,0,39.2314465351845,-263.592975899025
"Power","DM07",0,NA,0,0,0,5,38.5121280254538,0,60.8774797613451,-561.509635565926
"Bassetts","RG09",0,NA,0,1,NA,3,39.6208624299592,0,97.885621980684,171.994017188836
"Fletcher","RM04",1,NA,1,NA,NA,2,41.9688696729708,2,88.8167395218003,1451.81413979983
"Fletcher","RM05",0,0,1,NA,NA,2,41.9663333406646,3,34.1751266488007,1150.59370094228
"Antelope Complex","RM10",0,NA,0,0,0,2,40.0869201218011,0,9.94819030747924,156.252847781382
"Peavine","BW04",0,0,0,0,0,1,39.0738192571725,0,5.02600343294185,-1011.23361398263
"Fletcher","HP06",0,NA,0,1,NA,2,41.9732829628039,0,3.02358478395286,853.937737874407
"Moonlight","HP08",0,NA,0,0,0,2,40.2181201472675,1,3.64642407956775,-60.615988845848
"McNally","RG07",0,0,0,0,0,7,35.9626029144651,3,86.4201155004967,-2708.29664061897
"White","RS04",0,NA,0,0,0,8,38.2554717426291,5,23.9951108887521,-925.00816130214
"Fletcher","RM09",0,0,0,0,1,2,41.9645733223851,0,23.9669755214596,899.746810851011
"Fletcher","RM03",0,0,0,1,NA,2,41.9709083244951,2,85.7345831695172,1452.79510334754
"McNally","RM07",0,0,0,0,0,7,35.955665789672,9,99.3783806934895,-1791.63466404613
"Antelope Complex","RM08",0,NA,0,0,0,2,40.0911473253244,0,44.4770075883716,198.286904370096
"Fletcher","RM02",0,NA,0,1,NA,2,41.9726961735052,1,90.0431393149817,1403.65538510085
"Fletcher","HP03",0,0,1,NA,NA,2,41.97493781015,0,97.9153470639138,904.734021547314
"Showers","BW03",0,NA,1,NA,NA,7,38.7790389106281,0,61.83536723554,1336.92322592178
"McNally","RM09",0,0,0,0,0,7,35.9517253265331,9,87.0921944240097,-1593.53074616427
"Bassetts","RM08",0,NA,0,0,0,3,39.6267410408725,1,44.8837758151463,414.822702203592
"Plum","DM09",0,NA,0,0,0,7,38.7611883692863,0,2.6818364131252,-1191.66614315597
"Bassetts","RG05",0,NA,0,0,0,3,39.6191090686929,0,72.1909721080055,-68.8496696638226
"White","RS03",0,0,0,0,0,8,38.2567589339461,1,82.2935032526453,-884.388787296404
"Crag 05","RM01",0,0,0,0,0,4,36.1062560715696,5,1.26988517105621,960.82675244394
"Fletcher","HP04",0,NA,1,NA,NA,2,41.9732569004838,0,38.2074123953922,853.92519714065
"Fall","BW03",0,NA,0,0,0,1,39.3891899414072,3,7.86761138444866,-299.482742604159
"Bucks","RM06",0,NA,0,0,0,10,39.9233945983856,2,15.4593774402795,-642.432781262232
"Rich","RM12",0,NA,0,0,0,1,40.0584475911444,1,1.02719739811216,-377.447637246227
"Bucks","HP05",0,0,0,0,0,10,39.9350425113605,0,16.6023728180166,-316.828008745182
"Lookout","RM11",0,0,0,0,0,10,39.8380490710169,0,4.52006162375464,-1003.49956011609
"Bucks","HP06",0,NA,0,0,0,10,39.9376143094016,3,31.8598318358627,-275.590504394726
"North Fork","RG02",0,NA,0,0,0,8,37.2510483680005,2,13.0120156780842,-2248.31916626339
"North Fork","RG01",0,0,0,0,0,8,37.2493430511344,0,96.4190881900808,-2409.13973498884
"Bucks","HP10",0,NA,0,0,0,10,39.9448713126101,0,3.7977011632795,-152.098561054597
"Pidgeon","HP07",0,0,0,0,0,10,39.8517055498137,1,29.3244407661294,-476.928300766456
"Pidgeon","HP08",0,NA,0,0,0,10,39.8505700864415,4,66.7607550544986,-197.474665932159
"Pidgeon","HP06",0,NA,0,0,0,10,39.8532011561797,0,0.33746056937256,-696.208641075099
"Pidgeon","HP05",0,0,0,0,0,10,39.8530318885191,0,0.0313850292208467,-716.29008972038
"North Fork","RG03",0,0,0,0,0,8,37.2521825123351,2,57.7785561388828,-2287.77343579557
"McNally","RM08",0,NA,0,0,0,7,35.9533040178221,21,99.8133292091965,-1672.77110745744
"Deep","RM06",0,0,0,0,0,5,36.1993734352048,8,66.5268437234574,-2574.36679667621
"McNally","RG08",0,NA,0,0,0,7,35.9602771794700,1,89.2442598193474,-2509.41574372445
"Deep","RM01",0,NA,0,0,0,5,36.1924087613266,6,28.0406036734137,-2157.7180762425
"McNally","RM05",0,0,0,0,0,7,35.9598386439429,4,85.8408099600955,-2309.62675936951
"Deep","RM05",0,NA,0,0,0,5,36.1973917335987,0,46.4434982724546,-2515.32035691681
"Deep","RM02",0,0,0,0,0,5,36.1922673927502,10,91.0524462715278,-2277.78610033518
"McNally","RM04",0,NA,0,0,0,7,35.962056571407,4,52.1832419605313,-2588.55953136717
"Deep","RG05",0,0,0,0,0,5,36.1854802988761,1,22.1040073135847,-2401.05193150152
"Deep","RM04",0,0,0,0,0,5,36.1950167153515,0,11.0143811842664,-2536.46317426341
"Deep","RM03",0,NA,0,0,0,5,36.1929894892021,6,33.102054131302,-2497.43864012004
"McNally","RG06",0,NA,0,0,0,7,35.9646327505266,4,73.3184798642256,-2907.31991891818
"Lookout","RM07",0,0,0,0,0,10,39.844173302392,2,20.2815174230555,-760.55268682014
"Moonlight","RM10",1,NA,1,NA,NA,2,40.2308791988425,0,30.2071380455672,-94.4765558190656
"Birch","DM10",0,0,0,0,0,7,37.539611910015,4,77.6844074827784,1108.53257594917
"Birch","RS02",0,NA,0,0,0,7,37.5458327272281,2,91.9802252223549,-266.474075334646
"Dexter","DM08",0,0,0,0,0,6,37.8206965988016,1,7.72362718146546,1805.78562446261
"Sawmill","RG01",0,0,0,0,0,9,36.8972479571745,1,90.9622559851388,602.438248357464
"Sawmill","RM02",0,0,0,0,0,9,36.8993666354563,0,50.5823897406857,12.4577193847555
"Birch","DM08",0,0,0,0,0,7,37.5418653261274,0,100,682.616880469948
"Sawmill","RG02",0,0,0,0,0,9,36.8991394569388,0,89.1811331302616,865.34840504543
"Birch","RS03",0,0,0,0,0,7,37.5440620799434,2,91.612939596056,-267.32607991779
"Birch","RS07",0,0,0,0,0,7,37.5368261721457,8,57.5593079407936,-270.80787251427
"Inyo Complex","RG09",0,NA,0,0,0,2,36.8466179887395,0,26.804239597561,53.0759908238591
"Sawmill","RG03",0,0,0,0,0,9,36.897325666324,0,64.6161283399882,1061.47564064451
"Birch","RS06",0,NA,0,0,0,7,37.538817213008,3,30.0016450330102,-269.849818386514
"Birch","RS09",0,0,0,0,0,7,37.5323695433081,3,72.0319854471724,-272.952324561731
"Birch","RS08",0,NA,0,0,0,7,37.5348501266043,5,74.4941911234201,-271.758711155215
"Crag 04","RM02",0,NA,0,0,0,5,36.1487901462804,1,40.2878751083,661.293407156327
"McNally","RG04",0,NA,0,0,0,7,35.9686810174615,5,45.484194067537,-2945.37196349412
"Deep","RG03",0,0,0,0,0,5,36.1888892830546,2,31.0497967189213,-2399.41158778708
"Deep","RG01",0,0,0,0,0,5,36.1907487942559,8,39.8514502296981,-2278.51682343756
"McNally","RG02",0,NA,0,0,0,7,35.9681954827991,6,78.7727217654825,-2925.60559430315
"McNally","RM01",0,0,0,0,0,7,35.9679764526028,0,0.316571945835126,-2905.71098781247
"Deep","RG02",0,NA,0,0,0,5,36.1910154204208,12,30.452628892742,-2358.38852757851
"North Fork","RG04",0,NA,0,0,0,8,37.2528304625886,1,34.7931310784664,-2207.46165343756
"Deep","RG04",0,NA,0,0,0,5,36.1874328061803,1,46.1159637531762,-2280.11241904968
"McNally","RM03",0,0,0,0,0,7,35.964337082042,0,17.4708013257124,-2787.46218943481
"McNally","RM02",0,NA,0,0,0,7,35.9666429277651,2,47.2208794234466,-2866.35265670004
"McNally","RG03",0,0,0,0,0,7,35.9679513800604,6,76.5023130649677,-2785.72305228246
"McNally","RG01",0,0,0,0,0,7,35.9685804815390,7,43.9801945983677,-2945.4203396261
"North Fork","RG06",0,NA,0,0,0,8,37.2506774688462,2,20.6034887630573,-2008.49763646583
"North Fork","RG07",0,0,0,0,0,8,37.2490816854124,1,11.5982144334186,-2049.26549961455
"Vista","RM08",0,NA,0,0,0,2,36.0054343198555,0,29.2660734418771,1372.31308442928
"Pidgeon","RM05",0,0,0,0,0,10,39.8477797345258,0,55.9634824398911,1.18266540576310
"Whit","RS10",0,NA,0,0,0,6,38.3844039888261,4,60.1928498829377,377.031786249286
"Hiram","JS04",0,NA,0,0,0,10,38.4410691126204,2,0,784.29805525403
"Whit","JS05",0,NA,0,0,0,6,38.3796657780355,10,11.6464248619416,654.751841878448
"Whit","JS06",0,0,0,0,0,6,38.3772526757812,4,25.2883830425793,933.590699172035
"Mud","RS07",0,1,1,NA,NA,6,38.4255745479719,2,72.5070503430533,736.842341059333
"Whit","JS07",0,NA,0,0,0,6,38.3769302949820,13,35.1848723339336,973.435575155633
"Vista","RM01",0,0,0,1,NA,2,36.0124747290777,3,0,1195.70080652185
"Scotch","HP08",0,NA,1,NA,NA,1,39.7959808629587,0,5.21729380718748,-303.742047922629
"Scotch","RM01",0,0,0,0,0,1,39.7846655688021,2,0.0265287560639114,-389.186770067096
"Vista","RM04",0,NA,0,0,0,2,36.0079922763025,3,0.477171037171965,773.543928446134
"Vista","RM06",0,NA,0,0,0,2,36.0058687709453,1,41.1654745336081,1272.52213471437
"Crag 05","RG05",0,0,0,0,0,4,36.1249880009937,4,12.5955823874589,1169.84023009043
"Hooker","RM08",0,NA,0,0,0,6,36.1115637466699,3,2.62917136632288,1163.38071310588
"Hooker","RM06",0,NA,0,0,0,6,36.1068946732591,1,23.6212823687542,1081.13403643605
"Hooker","RM05",0,0,0,0,0,6,36.1045274283544,5,13.9587067005261,1089.99495948625
"Whit","JS08",0,0,0,0,0,6,38.3791560269668,3,9.26617205966635,774.506558557173
"Vista","RM10",0,NA,1,NA,NA,2,36.0075976736643,14,83.0844720374704,1073.35405254077
"Vista","RG01",0,NA,1,NA,NA,2,36.0103505708811,10,39.629623036266,1074.67869865516
"Vista","RM07",0,0,0,0,0,2,36.0056722997624,7,5.58228114883552,1442.42759620875
"Crag 05","RG10",0,NA,0,0,0,4,36.1158876599959,0,23.301637996234,1045.46130476448
"Crag 05","RG07",0,0,0,0,0,4,36.1220809663121,3,0,1128.44141571702
"Vista","RM02",0,NA,0,0,1,2,36.0104057429720,4,4.5006647525419,1294.70524650278
"Crag 05","RG09",0,0,0,0,0,4,36.1178081581765,2,4.69699521709324,1086.38541498447
"Hooker","RG10",0,NA,0,0,0,6,36.1169022584874,0,0.299366969700755,1085.94951185817
"Vista","RM03",1,NA,0,1,NA,2,36.0084746184802,0,58.5256111621881,1313.77602308723
"Crag 05","RG06",0,NA,0,0,0,4,36.1234767149392,7,5.26007145976318,1089.11302560651
"Bassetts","RG02",0,0,0,0,0,3,39.6259145186549,10,32.4071226147884,94.4249941317754
"Hooker","RM04",0,NA,0,0,0,6,36.1025923750006,1,23.8620970520232,1129.06384557084
"Crag 05","RG04",0,NA,0,0,0,4,36.1267788529332,6,2.95570773800151,1210.70195680098
"Crag 05","RG01",0,0,0,0,0,4,36.1242811698297,7,0,1129.50011526551
"Hooker","RM07",0,0,0,0,0,6,36.1093975455299,0,3.34292046367134,1122.33837490830
"Crag 05","RG02",0,NA,0,0,0,4,36.1267686612907,4,0.25210351587029,1210.69705276041
"Hooker","RM09",0,0,0,0,0,6,36.1128537569141,0,4.03592915065044,1284.00144353020
"Crag 05","RG03",0,0,0,0,0,4,36.1270987137943,4,9.04340606198426,1210.85586826713
"Hooker","RM10",0,NA,0,0,0,6,36.1111549891518,1,10.9467796701743,1203.18402611925
"Vista","RM05",0,0,0,0,0,2,36.0080328935302,0,0.0539383159602786,1313.56347274750
"Crag 05","RG08",0,NA,0,0,0,4,36.1201861458140,4,1.09722420098743,1127.52966114988
"Blue","HP10",0,NA,1,NA,NA,8,41.1573038547145,0,2.24807901314272,1191.30282642195
"Azusa","RS04",0,NA,0,0,0,9,37.9346064147139,0,55.7091479708498,960.597040638467
"Blue","RM08",0,NA,0,1,NA,8,41.1471785387052,1,0.134758571175031,1746.43070100192
"Bell","HP03",0,0,0,0,0,8,41.7257892902351,0,57.0616905819292,89.8481003448064
"Crater","DM03",0,NA,0,0,0,8,37.8939026069005,2,51.1601170076089,561.011078426746
"Azusa","RS01",0,0,0,0,0,9,37.9361363034601,3,37.8960137391904,961.333196413097
"Crater","DM10",0,0,0,0,0,8,37.9040531215109,7,86.5020072594606,285.895328974023
"Blue","RM05",0,0,0,0,0,8,41.1526218557886,8,11.1244684460058,1529.04993021975
"Blue","RM04",0,NA,0,0,0,8,41.15370686232,1,2.49215574188721,1509.57201643392
"Crater","DM01",0,NA,0,1,NA,8,37.8901141208973,1,31.68400063857,639.188125054954
"Crater","RS05",0,0,0,0,0,8,37.8913547921969,2,88.9728967169435,439.785114439891
"Horton2","RM02",0,NA,0,0,0,10,39.8747761487223,0,13.8833259617217,774.172868944668
"Crater","DM07",0,NA,0,0,0,8,37.8997478046683,3,92.5593152270856,443.823685618808
"Blue","RM02",0,NA,0,0,0,8,41.156949999995,1,0,1411.13255770419
"Blue","RM01",0,0,0,0,0,8,41.1600153254195,0,0,1392.60753882159
"Horton2","RG03",0,0,0,0,0,10,39.8863468185172,2,49.3327156411258,139.740473391065
"Birch","RS05",0,0,0,0,0,7,37.5407864384452,4,70.9952582126425,-268.90226146073
"Harding","RG03",0,0,0,0,0,4,39.6504577170822,5,42.209994821753,-693.765246959293
"Inyo Complex","RM03",0,0,0,0,0,2,36.8443493374786,13,93.5997380789786,-473.015644584586
"Birch","RS04",0,NA,0,0,0,7,37.5424850421856,5,50.42910098973,-268.084922974253
"Inyo Complex","RG07",0,NA,0,0,0,2,36.8501175664944,1,87.7922973107489,677.759926586787
"Birch","DM01",0,NA,0,0,0,7,37.5517092440345,0,100,326.353602032402
"Birch","DM02",0,0,0,0,0,7,37.5532679357704,0,96.5567819370194,327.103617303186
"Birch","DM03",0,NA,0,0,0,7,37.5499628850309,0,100,457.513284546398
"Inyo Complex","RM04",0,0,0,0,0,2,36.8445246365288,2,98.509431905855,118.068706260151
"Inyo Complex","RG08",0,NA,0,0,0,2,36.8488564595149,1,72.0878137074638,480.153103909198
"Dexter","DM02",0,0,0,0,1,6,37.8304856254031,10,32.1091967735409,1510.49593328643
"Birch","DM09",0,NA,0,0,0,7,37.5408772371031,0,99.2474181738077,977.141429269402
"Inyo Complex","RG04",0,0,0,0,0,2,36.8452995559941,1,78.8527382366372,-505.558416012191
"Peterson Complex","RM06",0,NA,0,0,0,1,40.8875931305621,0,5.17608183350878,-258.477268736746
"Inyo Complex","RM07",0,0,0,0,0,2,36.8459166788875,10,99.3959135722716,970.738532757944
"Inyo Complex","RG05",0,0,0,0,0,2,36.846117799053,0,68.7499482573135,-373.164691727108
"Dexter","DM01",0,NA,0,0,0,6,37.8326180962484,2,24.0869816129684,1711.52204105466
"Inyo Complex","RG06",0,0,0,0,0,2,36.8482698605948,0,87.2993354356296,-44.1291572575018
"Cone","HP09",0,0,1,NA,NA,7,40.7410000514729,0,24.8535056117016,555.984699030419
"Inyo Complex","RM06",0,NA,0,0,0,2,36.8442509263725,6,98.353183945268,707.937001708015
"Peterson Complex","RM05",0,0,0,0,0,1,40.8854808909108,0,1.11176827308609,-259.493641607367
"Peterson Complex","RM02",0,NA,0,0,0,1,40.8819586796074,0,6.23199602245454,-361.188468238976
"Harding","RG05",0,0,0,0,0,4,39.6543684396902,0,12.2333202621422,-691.883475465774
"Freds","BW04",0,0,0,0,0,5,38.777437559263,2,97.856927840958,-593.847316418345
"Freds","BW07",0,NA,0,0,0,5,38.7807862243493,5,99.9155697705673,-632.235997198762
"Antelope Complex","RM02",0,NA,1,NA,NA,2,40.1007867842738,0,58.9504313785585,722.925243849044
"Freds","DM03",0,NA,0,0,0,5,38.7862324093874,3,98.2438933954554,-389.61538797116
"Power","DM02",0,0,0,0,0,5,38.5183629744377,13,15.4671413518998,-358.509486888177
"Power","DM03",0,NA,0,0,0,5,38.5166226523034,1,1.1174488493162,-279.346899537995
"Freds","DM04",0,0,0,0,0,5,38.7842482056906,0,86.4123284966025,-310.570152174156
"Piute 08","RG08",0,NA,0,0,0,1,35.4648506107721,1,0.242515256650606,132.193634501720
"Vista","RG07",0,NA,1,NA,NA,2,36.0047053809358,12,53.0646463637062,711.962331738004
"White","RS02",0,NA,0,0,0,8,38.2586758018619,17,82.4556026123703,-943.466423896504
"Plum","DM06",0,0,0,0,0,7,38.7640858850753,0,0.297491845440047,-1280.27190910762
"North Fork","RM01",0,NA,0,0,0,8,37.2838676287874,1,0,-912.527110529059
"North Fork","RM06",0,0,0,0,0,8,37.2767266125705,0,0,-1195.96324295231
"Vista","RG04",0,0,0,0,0,2,36.0059477227697,7,82.2238821118396,941.5601249549
"Bassetts","RM05",0,0,0,0,0,3,39.6309449870135,1,41.1041862087917,616.845567745685
"Piute 08","RM09",0,0,0,0,0,1,35.4666173157506,0,57.9244061229465,213.043742115893
"Pidgeon","RM10",0,NA,0,0,0,10,39.8434003034992,19,51.0400616285908,-0.924640401817212
"Pidgeon","RM09",0,0,0,0,0,10,39.8446143367039,0,1.52687942927645,-0.340468803425922
"Pidgeon","HP03",0,0,0,0,0,10,39.8551567864668,16,60.4868191410236,-495.267625898366
"Whit","RS01",0,0,1,NA,NA,6,38.3860129841572,21,48.600399651833,177.806006732494
"Moonlight","RM09",0,0,1,NA,NA,2,40.2284854627041,1,49.7207804915935,-135.628379888364
"Bassetts","RG06",0,0,0,1,NA,3,39.6176128826541,4,79.211827665536,-149.569608283619
"Freds","DM10",0,0,0,0,0,5,38.7775655941875,2,65.9589250811576,-633.78570824634
"Bell West","RM04",0,NA,0,0,0,10,41.4675316198106,2,0,-559.420985167038
"Lookout","HP10",0,NA,0,0,0,10,39.8618285336609,1,55.4548350950382,-662.05729754214
"Piute 08","RG05",0,0,0,0,0,1,35.4596953459505,3,21.4019599026506,49.7130110069791
"Cone","RM03",0,0,0,0,0,7,40.7468124000605,0,46.0458036684012,551.781499770042
"Freds","BW05",0,NA,0,0,0,5,38.7788265137333,0,99.1820188960762,-643.178975758576
"Moonlight","HP01",0,0,0,0,0,2,40.2098207234166,0,0,-344.609526813303
"Power","DM06",0,0,0,0,0,5,38.5139570694987,0,95.5891228524083,-400.629531480547
"Power","DM04",0,0,0,0,0,5,38.5153408278994,6,28.9208710353724,-439.963691078821
"Freds","BW06",0,0,0,0,0,5,38.7796679628526,0,100,-682.774085122073
"Freds","BW10",0,NA,0,0,0,5,38.7851698147678,2,99.5492995082454,-420.126689964363
"Plum","DM02",0,0,0,0,0,7,38.7574150430643,0,25.2247726923702,-1443.48180190553
"Freds","DM02",0,0,0,0,0,5,38.7876153588908,1,98.1654404791057,-548.949936796705
"Freds","BW08",0,0,0,0,0,5,38.7823672901607,3,100,-451.47521591318
"Piute 08","RM07",0,0,0,0,0,1,35.4623565640418,15,78.3397786750469,130.99354272559
"Power","BW01",0,NA,0,0,0,5,38.510821172685,2,65.4964799974598,-502.138470319257
"Government","DM04",0,0,0,0,0,1,39.1871519722273,2,0.000567554408035804,-716.69988867145
"Antelope Complex","HP07",0,0,0,0,0,2,40.1132092549589,9,100,528.902720023509
"Stream","RM02",0,NA,0,0,0,8,40.1779761500788,11,79.585660575,-319.932579951274
"Stream","HP03",0,0,0,0,0,8,40.1728614784589,0,95.0772785276204,-322.393670705533
"Bucks","HP07",0,0,0,0,0,10,39.9395919368416,1,80.7435837020162,-314.638904571774
"Blue","RM03",0,0,0,0,0,8,41.1558003431438,1,26.880255612445,1490.57936288401
"Antelope Complex","HP08",0,NA,1,NA,NA,2,40.1155618611249,5,100,530.03475306763
"Storrie","HP04",0,NA,0,0,0,9,39.9825777974023,0,70.363015032358,446.045141609844
"Antelope Complex","HP03",0,0,0,0,0,2,40.1063627382687,4,100,655.60829563474
"Scotch","RM05",0,0,0,0,0,1,39.7805488501469,2,0,-551.16766326477
"Piute 08","RM06",0,NA,0,0,0,1,35.4626571099195,42,94.3953695213915,211.138160158694
"Stream","HP07",0,0,0,0,0,8,40.1705320146538,0,99.8689511073993,-123.514568049324
"Fall","DM04",0,0,0,0,0,1,39.3948877293807,2,1.08405216631182,-186.741066433446
"Blue","HP04",0,NA,0,0,0,8,41.1471476140699,0,17.1268402629983,1056.41582060692
"Blue","RM09",0,0,0,0,0,8,41.1463234971473,3,0.0179186280952189,1866.01926992109
"Albanita","RM07",0,0,0,0,0,6,36.101087766255,2,46.3393888943518,598.339854091472
"Piute 08","RM03",0,0,0,0,0,1,35.457157441384,2,42.8947400655495,-31.5081843947957
"North Fork","RM07",0,NA,0,0,0,8,37.2797796878339,2,0,-1194.49415639872
"Moonlight","RM07",1,NA,1,NA,NA,2,40.2234068945952,0,4.12012329657811,-218.072098262983
"Plum","DM01",0,NA,0,0,0,7,38.7553679057087,0,6.71702428781941,-1364.46684868721
"Freds","DM07",0,NA,0,0,0,5,38.779809522801,0,99.9451136627777,-632.70596894452
"Fall","BW02",0,0,0,0,0,1,39.3899294129356,2,0,-379.126921805322
"Government","BW05",0,NA,0,0,0,1,39.1912977950704,0,85.2949568262291,-354.704991046302
"Piute 08","RM02",0,NA,0,0,0,1,35.4548577016986,0,41.3285201752906,-32.6147790107464
"Bassetts","RM09",0,0,1,NA,NA,3,39.6244430178047,12,18.9891687027966,373.716933594081
"Boulder Complex","RM02",0,NA,1,NA,NA,3,40.2069551208664,0,0.283591575001874,494.0115952321
"Storrie","RM07",0,0,0,0,0,9,39.9990099390449,6,0.0561548266634103,753.952001497378
"Moonlight","RM03",1,NA,1,NA,NA,2,40.2152173236557,7,25.1377073692731,-262.012776925936
"Lookout","RM08",0,NA,0,0,0,10,39.8419760113671,1,18.4388896647202,238.390015072048
"Piute 08","RM10",0,NA,0,0,0,1,35.4691308922433,12,67.7558297160505,214.253231272978
"Rich","RM11",0,0,0,0,0,1,40.0607256440369,3,8.9125245629935,-416.351477936677
"Freds","DM09",0,NA,0,0,0,5,38.7787038515005,1,81.15820718889,-633.237998685065
"Storrie","HP07",0,0,0,0,0,9,39.9782957297628,0,100,303.984685365559
"Horton2","RM08",0,NA,0,0,0,10,39.8874720252677,2,99.9994457108712,1060.28190324934
"Treasure","RG04",0,0,0,0,0,8,39.5492654366079,0,83.3961392585003,137.542793050788
"Freds","BW09",0,NA,0,0,0,5,38.7837653772101,1,97.8699670089273,-230.802480815672
"Rich","RM04",0,NA,0,0,0,1,40.0503351824708,11,38.2682200066408,-941.351186772981
"Bassetts","RM04",0,NA,0,0,0,3,39.6302018496437,1,35.1051848043964,596.487983007918
"North Fork","RM12",0,0,0,0,0,8,37.2900917968165,2,95.3389356269826,-1389.53214945868
"Government","DM02",0,0,0,0,0,1,39.1858703114229,0,0.544370402233609,-717.316601491002
"Lookout","HP03",0,0,0,0,0,10,39.8572356321096,7,59.9654487067994,-754.267321642053
"Albanita","RM08",0,NA,0,0,0,6,36.1029081537804,2,51.6105443258447,679.215792810684
"Government","DM05",0,NA,0,0,0,1,39.1884397204606,4,17.4331945206582,-756.080246687307
"Angora","DM01",0,NA,1,NA,NA,2,38.8914843527751,22,62.364480226793,521.030010988859
"Angora","DM03",0,NA,0,0,0,2,38.8889321396769,35,100,519.801930571255
"North Fork","RM08",0,0,0,0,0,8,37.2819900038415,2,0,-1113.43059089647
"Devil's Gap","HP10",0,NA,0,0,0,10,39.6908548717736,1,12.9430895340441,-394.326840880086
"Pidgeon","RM07",0,0,0,0,0,10,39.8466001697845,3,10.8365676015673,40.6150794306306
"North Fork","RM11",0,NA,0,0,0,8,37.2878981095551,3,95.8474725985704,-1390.58771349836
"Piute 08","RM01",0,0,0,0,0,1,35.4527185619865,1,0.459441029303556,-113.644095721331
"North Fork","RG05",0,0,0,0,0,8,37.2520979936111,3,45.4080417890377,-2167.81410473107
"Bassetts","RM03",0,0,0,0,1,3,39.6279733184135,7,23.7429649001138,575.415652658327
"Government","DM03",0,NA,0,0,0,1,39.1869320734509,4,1.1318569012101,-716.805700126357
"North Fork","RG08",0,NA,0,0,0,8,37.2496541397918,0,19.6462445740849,-1928.99004455407
"Blue","RM07",0,0,1,NA,NA,8,41.1492669458917,3,13.9687015013871,1747.43560610625
"Blue","HP05",0,0,0,0,0,8,41.1489249603876,0,25.5178220734343,1067.27104864787
"Boulder Complex","RM10",0,NA,0,0,0,3,40.2015870107558,0,28.7054721201426,571.428554297541
"Government","BW06",0,0,0,0,0,1,39.1925429815954,10,65.4327707313648,-274.105829013671
"Bassetts","RG08",0,0,1,NA,NA,3,39.6189974568172,0,98.903964591804,-108.903375351259
"Government","DM08",0,0,0,0,0,1,39.1905090423768,1,1.52229013622494,-755.084525082084
"North Fork","RM02",0,0,0,0,0,8,37.2828762096553,2,1.45340884808142,-913.004164119383
"Government","BW04",0,0,0,0,0,1,39.1909367691459,9,43.822294928953,-414.878710422806
"North Fork","RM09",0,NA,0,0,0,8,37.2832492648109,2,66.0258291659464,-1192.82465648673
"Moonlight","RM02",0,NA,0,0,1,2,40.2127305449040,4,18.6019617664798,-263.209371477558
"Blue","HP08",0,NA,0,0,0,8,41.1537775985009,2,93.5998179099629,1189.60605345012
"Rich","RM10",0,NA,0,0,0,1,40.0605614062194,4,0,-376.430506309208
"Pidgeon","RM08",0,NA,0,0,0,10,39.8457256124777,5,7.37074016833725,0.194257711898216
"Pidgeon","RM06",0,NA,0,0,0,10,39.8470816265705,2,38.8472688305482,40.8467480366825
"Showers","DM01",0,NA,0,0,0,7,38.7848001152871,9,53.7564656381024,769.695417095206
"Kibbie","RS09",0,NA,0,0,0,6,38.018435094259,2,35.9334981213181,-1199.06606121786
"Cone","HP07",0,0,0,1,NA,7,40.7431427398706,0,24.5671684704401,590.015723306604
"Cone","HP03",0,0,0,0,0,7,40.7483141211246,0,36.4588688317606,536.504101747451
"Boulder Complex","RM08",0,NA,0,0,0,3,40.2051677440213,9,11.9751883391813,553.151540676355
"Cone","HP01",0,0,0,0,0,7,40.7492504614273,0,59.7641513629574,552.95465236596
"Showers","BW01",0,NA,0,0,0,7,38.7819897699417,4,37.1027839528843,908.343127943558
"Government","DM06",0,0,0,0,0,1,39.1886391372709,7,13.0192923708402,-755.984290797166
"Boulder Complex","RM07",0,0,1,NA,NA,3,40.2071486115432,4,38.1653985310255,534.104699570188
"Showers","DM02",0,0,1,NA,NA,7,38.7847767453484,10,91.533654443055,889.684171888411
"Power","BW05",0,NA,0,0,0,5,38.5062003244664,0,78.9895799343598,-664.361941867927
"North Fork","RM10",0,0,0,0,0,8,37.2852915959999,4,27.4141459839638,-1271.84192234857
"Albanita","RM01",0,0,0,0,0,6,36.1016433633397,0,8.14990706399093,358.607197715825
"Plum","DM11",0,NA,0,0,0,7,38.7574364553974,0,25.6542521157802,-1223.47149866440
"Cone","HP08",0,NA,1,NA,NA,7,40.7415684747097,0,2.14141708678234,615.258214375402
"Cone","RM11",0,0,0,0,0,7,40.7576534548069,1,84.6497712104436,720.998026183777
"Blue","RM10",0,NA,0,0,1,8,41.1446523996826,0,0.400223384754043,1985.21516697461
"Government","BW03",0,NA,0,0,0,1,39.1896762149939,6,48.3975675277875,-435.485267089445
"Boulder Complex","RM04",0,NA,1,NA,NA,3,40.2072446774231,5,18.8293467330531,534.150924795657
"Treasure","RG10",0,0,0,0,0,8,39.5554275635697,0,2.47690776625068,-299.492098958062
"Freds","DM08",0,0,0,0,0,5,38.7788228157926,1,42.3314162706238,-593.180755143127
"Power","BW02",0,0,0,0,0,5,38.5106145683699,5,0.940310952375688,-562.237884711316
"Power","BW03",0,NA,0,0,0,5,38.5095443118521,0,19.1785464155205,-652.752873476263
"Stream","HP05",0,0,0,0,0,8,40.170689395753,6,86.9235429173522,-443.438839010019
"Power","DM08",0,0,0,0,0,5,38.5113148340804,0,88.3291587748753,-561.900929068078
"Cone","RM09",0,0,0,0,0,7,40.7558100992919,2,2.80832208906958,753.111035668662
"Whit","JS01",0,NA,1,NA,NA,6,38.3873191571881,12,65.6589954373681,328.434514407809
"Plum","DM05",0,NA,0,0,0,7,38.7621558530096,0,0,-1421.20060686679
"Power","BW08",0,0,0,0,1,5,38.5029307239345,1,93.910473296506,-1085.93521660327
"Freds","DM06",0,0,0,0,0,5,38.7809791057949,0,100,-592.143186012099
"Antelope Complex","HP05",0,0,0,0,1,2,40.1103286101505,1,100,617.51660399669
"Freds","BW02",0,0,0,0,0,5,38.7752394418905,2,59.6547212643699,-634.905012150206
"Whit","JS04",0,0,0,0,0,6,38.3818436642125,8,0.0262205816681945,435.79980271198
"Stream","RM07",0,0,0,0,0,8,40.1874269052669,6,100,-275.385041430184
"Stream","RM09",0,0,0,0,0,8,40.1913031423270,1,84.6205127330286,-233.519863780693
"Stream","HP06",0,NA,0,0,0,8,40.1695965639752,0,100,-123.964690596238
"Horton2","RM03",0,0,1,NA,NA,10,39.877202730414,8,76.7595175347191,885.340497721198
"Kibbie","RS08",0,0,0,0,0,6,38.01875693313,0,18.8500088846875,-1098.91119796785
"Whit","RS03",0,0,0,0,0,6,38.3890809944555,8,20.5899727014083,179.282279764323
"Horton2","RM06",0,NA,0,0,0,10,39.8835242143197,2,64.5604267891482,938.38228549365
"Power","BW06",0,0,0,0,0,5,38.5044262548601,12,83.7095038171834,-805.215593212519
"Crag 05","RM11",0,0,0,0,0,4,36.0914841964983,0,2.58698581426449,753.718783865938
"Freds","DM05",0,NA,0,0,0,5,38.7821008863113,0,97.0644707026145,-471.6034047979
"Power","DM01",0,NA,0,0,0,5,38.5193370935702,0,33.9378485939791,-358.040757755848
"Cone","HP10",0,NA,0,0,1,7,40.7409388245914,0,6.42883700506549,532.95523772319
"Blue","RM06",0,NA,0,0,0,8,41.1506908263838,6,3.30390982823186,1628.12075255840
"Plum","DM10",0,0,0,0,0,7,38.7590391398195,0,88.2527776636588,-1192.70031488050
"Whit","RS09",0,0,0,0,0,6,38.384479158309,1,93.7253721954305,437.067956493069
"Government","BW02",0,0,0,0,0,1,39.1884571346882,3,45.4214217183516,-436.07186726479
"Cone","RM05",0,0,0,0,0,7,40.7484368839759,1,24.5625299706651,684.563173089807
"White","RS06",0,NA,0,0,0,8,38.2530854195455,0,56.7319592670572,-966.156418338793
"Cone","HP06",0,NA,1,NA,NA,7,40.7445268095176,2,83.261167249072,541.681713474621
"Albanita","RG11",0,NA,0,0,0,6,36.1259758778701,7,4.05724557848107,930.315579209108
"Moonlight","HP05",0,0,0,0,0,2,40.2150292436288,17,96.4308077601448,-142.103277753686
"White","RS07",0,0,0,0,0,8,38.2516991418795,0,76.0745995339517,-836.823470967032
"Whit","JS02",0,0,0,0,0,6,38.385666023878,10,20.85553606864,377.639055499125
"Angora","BW07",0,NA,0,0,1,2,38.9055699338816,0,47.2737088998017,877.807746883907
"Antelope Complex","HP04",0,NA,0,0,0,2,40.1085890323341,4,99.4298687756606,616.679549499662
"Plum","DM08",0,0,0,0,0,7,38.7634394365616,1,28.0665036959394,-1280.58296885464
"Angora","DM02",0,1,0,0,0,2,38.8911785111852,44,100,620.882845351433
"Kibbie","RS07",0,NA,0,0,0,6,38.0193941562247,2,48.079152941866,-998.604577331513
"Storrie","HP06",0,NA,0,0,0,9,39.9806642719048,0,62.7660007358558,345.124386523318
"Kibbie","RS03",1,NA,1,NA,NA,6,38.0272314716276,13,36.9506741092691,-194.833397887411
"Horton2","RM05",0,0,0,1,NA,10,39.8813227894242,1,72.1169920245454,907.322998239427
"White","RS08",0,NA,0,0,0,8,38.249903045968,4,59.5881729321941,-867.687720985422
"Kibbie","RS04",1,NA,0,0,0,6,38.0250425755394,20,57.2167830397462,-295.886656498138
"Whit","RS04",0,NA,0,0,0,6,38.3877255414694,28,21.1094339829374,378.630059434295
"Whit","RS07",1,NA,1,NA,NA,6,38.3857267095582,25,50.7577214386012,407.668256389729
"Power","DM05",0,NA,0,0,0,5,38.5152384248937,0,81.4997395873438,-360.012965618667
"Freds","BW01",0,NA,0,0,0,5,38.7761616743173,2,72.4707217561171,-714.461249995457
"Cone","HP05",0,0,0,0,0,7,40.7464653267768,0,86.7762607463857,568.614494160877
"White","RS05",0,0,0,0,0,8,38.2546589983632,0,81.3998824078896,-905.399239663965
"Showers","BW02",0,0,0,0,0,7,38.7803912981086,9,64.6275227784474,1267.57397118399
"Whit","RS08",0,NA,0,1,NA,6,38.3849763966295,6,51.1703331819093,417.307218898202
"Albanita","RG01",0,NA,0,0,0,6,36.1040757423257,0,52.0209092881612,359.777616049235
"Mud","RS04",0,NA,1,NA,NA,6,38.4303048819423,18,96.2952318693794,719.118495241708
"Albanita","RG02",0,0,0,0,0,6,36.1060731900171,2,19.1814112666143,320.738753031382
"Kibbie","DM03",0,NA,0,0,0,6,38.0376477307379,4,19.3395960074932,40.1787242771076
"Freds","BW03",0,NA,0,0,0,5,38.7757026593841,0,8.00038766480006,-804.682119973457
"White","RS01",0,0,0,0,0,8,38.2603656454804,5,66.0031092309089,-982.653300627856
"Crag 05","RM04",0,NA,0,0,0,4,36.0994208857225,1,0,837.5377802592
"Albanita","RG03",0,NA,0,0,0,6,36.1081938648851,5,9.1841298348863,361.759184781121
"Kibbie","RS05",1,NA,1,NA,NA,6,38.0229974441993,8,73.1887277887261,-996.870738020164
"Boulder Complex","HP03",0,0,0,0,0,3,40.19020124877,0,99.1672754929352,-524.050075736972
"Cone","HP04",0,NA,0,0,0,7,40.7474979142983,0,54.4623649184377,552.111357261968
"Crag 05","RM05",0,0,0,0,0,4,36.0972970310266,3,2.7068018594579,926.51581843175
"Power","BW07",0,NA,0,0,0,5,38.5031115003365,2,74.7935107090747,-965.848230152407
"Albanita","RM02",0,NA,0,0,0,6,36.1026176592095,3,78.9143728453902,539.076011891061
"Angora","BW06",1,NA,0,0,0,2,38.9034904968952,19,96.9772074283927,826.807158083371
"Antelope Complex","HP01",0,0,0,0,0,2,40.104389296027,12,39.0241365935507,784.658709656197
"Albanita","RM05",0,0,0,0,0,6,36.0990605224447,1,14.8706602650179,517.364379736727
"Albanita","RM06",0,NA,0,0,0,6,36.0984081128695,3,60.5377598278523,597.050451630908
"Cone","RM02",0,NA,0,0,0,7,40.7473208970374,0,0,552.026179644219
"Treasure","RG09",0,0,0,0,0,8,39.5530818296614,0,15.5699787587974,-140.620825191670
"Piute 08","RM08",0,NA,0,0,0,1,35.4645763252333,4,71.7580854074293,172.061653085563
"Cone","RM04",0,NA,0,0,0,7,40.7467255017571,0,48.77199793876,617.739685822451
"Hiram","JS02",0,NA,0,0,0,10,38.4384092874818,0,0,383.018193799955
"Hiram","JS03",0,0,0,0,0,10,38.440443040241,2,0,503.99680014736
"Showers","BW04",0,0,0,0,0,7,38.7776959562299,17,94.403254520879,1316.2770196942
"Cone","RM08",0,NA,0,0,0,7,40.7536133968444,0,5.22052609993846,719.054020774027
"Kibbie","RS10",0,0,0,0,0,6,38.0161963160239,9,99.0084623116594,-600.143322247445
"Dexter","DM03",0,NA,0,0,0,6,37.8287821033139,1,26.0804215949017,1309.67622817631
"Horton2","RM07",0,0,0,0,0,10,39.885795076269,0,65.6642608039203,979.474984646784
"Dexter","DM05",0,NA,0,0,0,6,37.82517809606,0,0,1487.94204276031
"Kibbie","DM10",0,0,0,0,0,6,38.050957732801,4,21.2304571450296,416.583265067023
"Cone","RM01",0,0,0,0,0,7,40.7469131692141,0,0.0988625740137546,551.829988128764
"Boulder Complex","RM06",0,NA,1,NA,NA,3,40.2086601240403,2,0.0278091911314618,574.832013014339
"Kibbie","DM04",0,0,0,0,0,6,38.0396461746463,6,12.7814254587239,51.1403406214941
"Kibbie","RS02",0,0,0,0,0,6,38.0293747238191,12,50.8322749724221,-1043.80210232348
"Boulder Complex","RM05",0,0,1,NA,NA,3,40.207880669934,7,2.17847714569786,574.456953296541
"Cone","RM10",0,NA,0,0,0,7,40.7579000592904,2,5.94077908185928,787.11668795904
"Power","DM10",0,0,0,0,0,5,38.5119674406253,2,77.6267826555111,-521.586906183879
"Dexter","DM04",0,0,0,0,0,6,37.8269354797426,1,8.00418313161233,1408.78766512952
"Boulder Complex","RM09",0,0,0,0,0,3,40.2037113747459,0,0,532.450761188472
"Hiram","JS01",0,0,0,0,0,10,38.4390615078485,8,0,303.332030861945
"Stream","HP04",0,NA,0,0,0,8,40.1708466476026,0,65.1883121386134,-403.363172163366
"Cone","RM06",0,NA,0,0,0,7,40.7505420964061,4,9.38785553340847,750.57616458423
"Showers","DM05",0,NA,0,0,0,7,38.7857769373018,12,58.7293495065873,1010.16544680730
"Hiram","RS03",0,0,0,0,0,10,38.4421389381125,1,0,754.81283661693
"Power","DM09",0,NA,0,0,0,5,38.5114683137925,1,40.4082976703874,-521.827077308185
"Horton2","RM01",0,0,0,0,0,10,39.8723564198333,0,3.94374819054958,793.008537617246
"Boulder Complex","RM03",1,NA,1,NA,NA,3,40.2067054216913,1,4.14391172178671,493.891444345229
"Cone","RM07",0,0,0,0,0,7,40.7528983081434,0,50.4985648522032,784.709932566358
"Antelope Complex","RM01",0,0,0,1,NA,2,40.1006187123517,1,42.7857223790813,722.844370572267
"Piute 08","RG01",0,0,0,0,0,1,35.4523310868390,1,0.58548485046851,86.1694579974835
"Fall","BW01",0,NA,0,0,0,1,39.3879205118908,0,0,-350.093569941314
"Boulder Complex","HP10",0,NA,0,0,0,3,40.1886949459899,0,11.1345910403637,-434.774882356188
"Lookout","RM10",0,NA,0,0,0,10,39.8401388001605,3,0,-922.494018909057
"Rich","RM03",0,0,0,0,0,1,40.0480550861163,13,90.4066684568028,-1022.44832936080
"Treasure","RG01",0,0,0,0,0,8,39.5554218099008,1,0.0114872672232866,-539.494867523161
"Lookout","RM05",0,0,0,0,0,10,39.8483359301116,4,98.5469148450069,-598.549702981594
"Moonlight","HP07",0,0,0,0,1,2,40.2169980581739,19,30.0698447460147,-101.155918542012
"Albanita","RM04",0,NA,0,0,0,6,36.1001861179576,3,23.1833749438124,557.905996660685
"Peavine","BW08",0,0,0,0,0,1,39.0679964547728,5,25.2990079445653,-1044.03544491426
"Hooker","RG05",0,0,0,0,0,6,36.1077557255419,0,0,801.548359772837
"Lookout","RM09",0,0,0,0,0,10,39.8398998404493,6,5.43509377168387,-922.609002153259
"Stream","RM10",0,NA,0,0,0,8,40.1932225550566,1,55.2890399048148,-392.596275860788
"Plum","DM03",0,NA,0,0,0,7,38.7590875714562,0,0,-1422.67701042184
"Bassetts","RG07",0,NA,0,0,0,3,39.6163909295868,0,16.2868166702296,-190.157590781727
"Government","DM10",0,0,0,0,0,1,39.1917587148382,8,1.60038812025117,-634.483204495122
"Lookout","RM02",0,NA,0,0,0,10,39.8520374272236,0,99.8112984386204,-676.76860714666
"Scotch","RM06",0,NA,0,0,0,1,39.778634992314,8,1.22627858329498,-712.088578265294
"Hooker","RM03",0,0,0,0,0,6,36.1012327048787,1,0.540684072225522,958.409596028633
"Storrie","HP02",0,NA,0,0,0,9,39.9856767414763,3,32.6751114998921,437.536299434876
"Bassetts","RM06",0,NA,0,0,0,3,39.6316192642093,0,0.00559327831487354,457.170018169038
"Fall","DM01",0,NA,0,0,0,1,39.3910975113743,0,0,-178.564853214964
"Piute 08","RG04",0,NA,0,0,0,1,35.4588142456169,8,33.7156971256471,89.2890408978987
"Stream","HP02",0,NA,0,0,0,8,40.1740640624206,0,86.8528973956531,-321.815008283132
"Rich","RM02",0,NA,0,0,0,1,40.0457036488527,1,0,-1183.57979994948
"Albanita","RG09",0,NA,1,NA,NA,6,36.1215579788246,1,9.45652265210185,808.189763261936
"Piute 08","RG06",0,NA,0,0,0,1,35.4616905545162,9,5.41223319540243,130.673070560903
"Storrie","RM01",0,0,0,0,1,9,39.9888350590897,27,0.0285138116820443,589.056026771256
"Government","DM09",0,NA,0,0,0,1,39.1898167633337,3,0.727851044326419,-675.417637680303
"Scotch","RM04",0,NA,0,0,0,1,39.7815427963638,3,7.54685103114382,-470.689393685325
"Vista","RG08",0,0,0,0,0,2,36.0038509603929,7,41.8090108100887,831.55119947876
"Vista","RG09",0,NA,0,1,NA,2,36.0070685145775,4,91.104946849079,793.09943041977
"Boulder Complex","HP09",0,1,1,NA,NA,3,40.190282239929,0,16.2180693426638,-434.011104204214
"Piute 08","RG02",0,NA,0,0,0,1,35.4548991060053,1,11.8788755748399,127.405144019309
"Piute 08","RG03",0,0,0,0,0,1,35.4564971569061,25,24.6510573674643,208.174098233593
"Scotch","RM10",0,NA,0,0,0,1,39.7714606622691,0,0.103905866970309,-955.540740721395
"Blue","HP06",0,NA,0,0,0,8,41.1511817162918,0,65.3067401658164,1148.35696021819
"Albanita","RG07",0,NA,0,0,0,6,36.1168971749644,4,8.66243415573672,425.947065755586
"Rich","RM01",0,0,0,0,0,1,40.0451883120883,6,5.79492655359111,-1223.82777101007
"Government","BW01",0,NA,0,0,0,1,39.1870000885867,6,27.3546355034271,-436.772972429583
"Blue","HP07",0,0,0,0,0,8,41.1521450737498,0,80.5248077152859,1188.82051102050
"Antelope Complex","HP09",0,0,1,NA,NA,2,40.1157223959293,18,100,530.111999614859
"Plum","DM04",0,0,0,0,0,7,38.7603801375233,0,0,-1522.05505018013
"Moonlight","HP06",0,NA,0,0,0,2,40.2163067073127,22,50.2012715447679,-101.488584515295
"Piute 08","RM04",0,NA,0,0,0,1,35.458895323332,11,69.296082429241,-70.671945920055
"Scotch","RM07",0,0,0,0,0,1,39.7771057696863,0,0,-792.82441351532
"Rich","HP03",0,0,0,0,0,1,40.0403017324908,11,99.618228334388,-1626.17910786239
"Scotch","RM09",0,0,0,0,0,1,39.7730168131887,5,0,-874.791948047091
"Rich","RM09",0,0,0,0,0,1,40.058131200372,0,0,-377.599878966233
"Stream","HP01",0,0,0,0,0,8,40.1766493504509,8,97.517631524325,-320.571012785215
"Rich","HP04",0,NA,0,0,0,1,40.04127246499,0,99.9794255216497,-1745.71200831892
"Fall","DM03",0,NA,0,0,0,1,39.395643707369,0,0.621388677852499,-86.3773030140727
"Piute 08","RG07",0,0,0,0,0,1,35.4626897663759,1,6.41499580740013,131.153873875800
"Albanita","RM09",0,0,0,0,0,6,36.1048374670953,3,36.3802934804455,680.144144719515
"Fall","DM02",0,0,0,0,0,1,39.3932937353659,0,3.87192956458862,-137.508068544959
"Storrie","RM02",0,NA,0,0,0,9,39.9910215250584,23,10.0976156116219,670.108116050874
"Piute 08","RG10",0,NA,0,0,0,1,35.4696629875302,12,1.0901858599008,94.5092662422375
"Lookout","RM04",0,NA,0,0,0,10,39.8499257888939,3,99.3857115259256,-797.784690671817
"Peavine","DM06",0,0,0,0,0,1,39.0651408475793,0,2.45718424471111,-1295.40951327759
"Peavine","BW02",0,0,0,0,0,1,39.0700655143197,0,0.760606045032163,-1413.03984955657
"Rich","RM08",1,NA,1,NA,NA,1,40.0557887966592,4,1.21392309291242,-778.727002767865
"Stream","RM05",0,0,0,0,0,8,40.1844525900683,1,44.9458968505638,-156.816230014622
"Rich","HP05",0,0,0,0,0,1,40.0402012564653,20,100,-1796.22745517298
"Bassetts","RM07",0,0,0,0,0,3,39.6292107150337,5,12.503846734334,396.011066324665
"North Fork","RM04",0,0,0,0,0,8,37.2796222597242,0,2.47737987979254,-1074.56990805866
"Stream","RM08",0,NA,0,0,0,8,40.1888162648146,1,100,-314.716505854241
"Stream","HP08",0,NA,0,0,0,8,40.1710304723175,3,90.5058991786059,-123.274718917517
"Stream","RM01",0,0,0,0,0,8,40.1798296899015,0,24.7384726789419,-319.040688924964
"Moonlight","HP04",0,NA,0,1,NA,2,40.2130896134768,10,95.0428011373896,-263.036593944544
"Government","DM07",0,NA,0,0,0,1,39.1900217923715,19,10.6967167781502,-755.318981284197
"Lookout","HP02",0,NA,0,0,0,10,39.8548303960792,13,68.7561074487536,-755.424679258756
"Rich","RM07",0,0,0,0,0,1,40.0541296871201,4,25.0791727923424,-779.525337333684
"Rich","HP02",0,NA,0,0,0,1,40.0409347525549,7,99.744257102123,-1505.87450965105
"Lookout","RM06",0,NA,0,0,0,10,39.8462923838871,1,1.65391000448689,-599.533021773644
"North Fork","RM03",0,NA,0,0,0,8,37.2816848743926,0,0.385783888227714,-913.577413864066
"Bassetts","RM01",0,0,0,1,NA,3,39.6243464361168,3,24.7077909910831,173.670460170804
"Blue","HP03",0,0,0,0,0,8,41.1453429758394,0,12.8854917021464,1045.54746017365
"Stream","HP10",0,NA,0,0,0,8,40.1716332438504,9,64.9884150779627,-122.984675771679
"Storrie","HP01",0,1,1,NA,NA,9,39.987009294973,0,6.21273606884193,488.177500930106
"Rich","RM06",0,NA,0,0,0,1,40.0529976175449,24,44.3343112581814,-820.07006946348
"Rich","RM05",0,0,0,0,0,1,40.0515178492126,0,11.788996552554,-900.782108169326
"Lookout","RM03",0,0,0,0,0,10,39.8528174529625,0,100,-676.39327236923
"Pidgeon","HP04",0,NA,0,0,0,10,39.8529274393192,6,1.8446022429027,-716.340348853177
"Bassetts","RM02",1,NA,0,0,0,3,39.6256014536426,6,62.3485180029936,494.274352709508
"Treasure","RG08",0,0,0,0,0,8,39.5529786697516,2,23.499659163757,-20.6704639405637
"Crag 05","RM03",0,0,0,0,0,4,36.1016859841934,4,0,798.627706127076
"Peavine","DM03",0,NA,0,0,0,1,39.0608227475059,0,0.466661355350471,-1417.48730770045
"Peavine","DM04",0,0,0,0,0,1,39.0626571032992,0,2.74886279886864,-1416.60464769441
"Stream","RM04",0,NA,0,0,0,8,40.1816698030857,6,99.273792917719,-158.155258562868
"Treasure","RG02",0,0,0,0,0,8,39.5532799388415,1,38.0005007153374,-180.525498510368
"Peavine","DM07",0,NA,0,0,0,1,39.0670327072915,0,2.38435922440857,-1374.49918338897
"Albanita","RG08",0,0,0,0,0,6,36.1192413071356,5,10.9508022860418,867.075021261246
"Kibbie","DM01",0,NA,0,0,0,6,38.0340867942870,1,16.6172577242017,108.465263780108
"Angora","BW09",0,NA,0,0,1,2,38.909704449043,10,94.4330280188538,469.79720344989
"Albanita","RG10",0,0,0,0,0,6,36.1237048524688,2,22.4632527481573,929.222801405724
"Peavine","DM02",0,0,0,0,0,1,39.0597649099917,0,0.60163718264712,-1497.99632065753
"Hooker","RG08",0,NA,0,0,0,6,36.1138901112708,2,31.3568060866408,1044.50011916668
"Peavine","DM05",0,NA,0,0,0,1,39.0641853210293,0,3.61926716464886,-1415.86929598358
"Rich","HP01",0,0,0,0,0,1,40.0431353208596,0,18.2581252956904,-1384.81563457337
"Whit","JS03",0,NA,0,0,0,6,38.3837676740857,10,1.81960553995715,456.725602697189
"Government","DM01",0,NA,0,0,0,1,39.1844121086813,4,9.45932414233762,-718.018263210834
"Peavine","BW01",0,NA,0,0,0,1,39.0681472620979,1,2.15815200778471,-1353.96287906037
"Peavine","BW03",0,NA,0,0,0,1,39.0723940972058,0,25.6815252335976,-1091.91937609563
"Kibbie","DM11",0,NA,0,1,NA,6,38.0526020840482,8,67.7540777739566,497.37449820025
"Vista","RG02",0,0,0,0,0,2,36.0095199263506,7,39.5516637091324,1074.27900699829
"Angora","BW10",0,0,0,0,0,2,38.9118637036410,21,100,350.836199092654
"Hooker","RG06",0,NA,0,0,0,6,36.1095223036216,0,34.2246097649949,962.398406325527
"Vista","RG03",0,NA,0,0,0,2,36.0079737759024,14,74.5355042137827,953.535026376358
"Piute 08","RG09",0,0,0,0,0,1,35.467401087865,6,17.367737814565,213.420879583859
"Vista","RM09",0,0,0,0,0,2,36.0062975093391,1,46.1894279812531,1312.72843614981
"Showers","DM03",0,NA,0,0,0,7,38.7848986181419,7,99.9875455919617,1129.74281495048
"Treasure","RG03",0,0,0,0,0,8,39.5511078707665,0,52.0946218234602,-111.570659774720
"Government","BW07",0,NA,0,0,0,1,39.1939959021324,13,34.2669020141964,-233.406708998543
"Whit","RS05",0,0,0,1,NA,6,38.3864932091176,34,9.28140989991505,378.037082605561
"Piute 08","RM05",0,0,0,0,0,1,35.4611493729738,9,85.156509237575,130.412663444012
"Boulder Complex","RM01",0,0,0,0,0,3,40.2090637330451,0,0.336542840166094,495.02622262619
"Government","BW08",0,0,0,0,0,1,39.1949042473107,1,19.4883537587763,-272.969629145499
"Stream","RM06",0,NA,0,0,0,8,40.1872826437401,3,98.833962895541,-355.454457560135
"Peavine","BW06",0,0,0,0,0,1,39.0732044183456,3,0.119696042878878,-1061.52946369981
"Whit","JS10",0,0,0,0,0,6,38.3836262610622,14,2.73960312279754,496.657557217333
"Whit","JS09",0,NA,0,0,0,6,38.381417414761,7,0.662651978744448,615.594698912159
"Crag 05","RM06",0,NA,0,0,0,4,36.0949471527948,1,3.7737824384806,755.385098021977
"Peavine","DM01",0,NA,0,0,0,1,39.0604572912743,0,8.294485351995,-1697.66315886345
"Vista","RG06",0,0,1,NA,NA,2,36.0038554510535,3,89.739757126919,751.553360306295
"Stream","HP09",0,0,0,0,0,8,40.1736709179901,6,48.893327410101,-122.004182524391
"Kibbie","DM02",0,0,0,0,0,6,38.0354768562665,11,26.7375891016041,39.134137353982
"Albanita","RG06",0,0,0,0,0,6,36.1147590728873,5,1.76364089535308,844.918248336862
"Antelope Complex","HP02",0,NA,1,NA,NA,2,40.1058735666059,15,99.4873329013858,725.372914764563
"Angora","BW08",0,0,0,0,0,2,38.9072287487812,0,10.6860901848475,678.60593967434
"Horton2","RM09",0,0,0,0,0,10,39.8873366413873,5,99.581974970604,1140.21675888797
"Rich","HP08",0,NA,0,0,0,1,40.0340176295108,1,0.963959355449085,-2169.20290858553
"Showers","DM04",1,NA,1,NA,NA,7,38.7848762127398,7,98.151229190858,1189.73203386187
"Peavine","BW05",0,NA,0,0,0,1,39.0746092035528,0,3.36612128176052,-970.853505565628
"Whit","RS06",1,NA,1,NA,NA,6,38.3857122259964,19,94.9894104738533,377.661287152468
"Crag 05","RM07",0,0,0,0,0,4,36.0934715752133,0,10.7536252359348,954.675075832302
"Lookout","HP01",0,0,0,0,0,10,39.8535036885514,0,3.77235054101287,-756.063067775739
"Albanita","RM10",0,NA,0,0,0,6,36.1030710353114,0,80.4748673739034,719.294168561814
"Crag 05","RM10",0,NA,0,0,0,4,36.0890766979492,0,0.424874030373728,712.560337564709
"Mud","RS05",0,0,0,0,0,6,38.4284912611387,0,19.8125799092761,718.245812550977
"Kibbie","DM09",0,NA,0,0,0,6,38.0487559285669,7,17.2725984047318,375.523795281678
"Crag 05","RM09",0,0,0,0,0,4,36.0932290778737,2,2.94269798230934,934.558390343033
"Hooker","RG01",0,0,0,0,0,6,36.0992076343593,2,0,797.435167423556
"Crag 05","RM08",0,NA,0,0,0,4,36.0924098130803,1,4.54973434510914,944.16417441713
"Albanita","RM03",0,0,0,0,0,6,36.1013762454205,13,50.8554072717249,798.478665233176
"Peavine","BW07",0,NA,0,0,0,1,39.0711063875918,0,0,-1092.53899949684
"Hooker","RG07",0,0,0,0,0,6,36.1116008314658,2,74.6246153131012,1083.39855766270
"Crag 05","RM02",0,NA,0,0,0,4,36.1038468504135,8,0.114711894189014,799.667477254273
"Vista","RG05",0,NA,1,NA,NA,2,36.0038329898001,12,81.7348253651115,631.542552343015
"Boulder Complex","HP02",0,NA,0,0,0,3,40.1883326447633,0,52.1525606014379,-534.949215385815
"Storrie","HP03",0,0,0,1,NA,9,39.984338457879,1,21.8755866754368,406.892340715205
"Devil's Gap","HP04",0,NA,0,0,0,10,39.7021180814683,25,43.4069113522368,-153.907180870037
"Devil's Gap","HP03",0,0,0,0,0,10,39.704454817457,19,75.9816783715777,-82.7827842783654
"Scotch","HP10",0,NA,0,0,0,1,39.7974640525982,9,92.504497335347,-383.028362943444
"Scotch","HP09",0,0,0,0,0,1,39.7977814607049,1,0.276174250373275,-302.875631699921
"Devil's Gap","HP05",0,0,0,0,0,10,39.7000713650534,9,74.4423729587915,-214.892025102403
"Devil's Gap","HP01",0,0,0,0,0,10,39.7096500758638,14,57.7267150730948,-135.282916568145
"Pidgeon","RM04",0,NA,0,0,0,10,39.8493547836975,0,23.5853933307387,1.94055158928457
"Devil's Gap","RM01",0,0,0,0,0,10,39.7117983907269,9,63.0505857616171,-184.249184934967
"Devil's Gap","RM10",0,NA,0,0,0,10,39.7147325706115,1,9.56026663807112,17.1626912365627
"Lookout","HP09",0,0,0,0,0,10,39.858490615777,0,0,-843.66344539542
"Devil's Gap","RM02",0,NA,0,0,0,10,39.7112901062655,2,100,-309.493762550392
"Fall","BW05",0,NA,0,0,0,1,39.3865859991732,9,6.2965603774655,-190.735714179459
"Lookout","RM01",0,0,0,0,0,10,39.8525813980955,9,39.1137554564113,-756.506857853076
"Scotch","HP07",0,0,0,0,0,1,39.7927863913823,10,19.2776981259504,-385.279171915269
"Devil's Gap","RM03",0,0,0,0,0,10,39.7133753438188,23,59.3835942959557,-483.49038261826
"Fall","DM05",0,NA,0,0,0,1,39.3939440052262,0,0.120388747505183,-497.195170032622
"Power","BW04",0,0,0,0,0,5,38.5078104285192,2,22.0211463855185,-683.587187887177
"Scotch","HP06",0,NA,0,0,0,1,39.7910071709150,0,0.0539280388644404,-406.135301764314
"Devil's Gap","HP08",0,NA,0,0,0,10,39.6945175922996,15,71.7842128931794,-492.564403661851
"Scotch","HP01",0,0,0,0,0,1,39.7847964065444,8,0,-469.12381322806
"Lookout","HP07",0,0,0,0,0,10,39.8587533399825,1,0,-833.537027091152
"Scotch","HP05",0,0,0,0,0,1,39.7882123474627,1,0.433629947085799,-427.480122051797
"Scotch","HP04",0,NA,0,1,NA,1,39.7871195267307,0,0,-478.005968322967
"Scotch","HP03",0,0,0,1,NA,1,39.7850684532947,3,1.08335877888639,-428.992909077874
"Scotch","HP02",0,NA,0,0,0,1,39.7838385931245,13,1.60095825143223,-389.584696335952
"Scotch","RM02",0,NA,0,0,0,1,39.7830842139226,12,15.2963025291579,-389.947690447202
"Bucks","RM05",0,0,0,0,0,10,39.9216354010076,1,0.795229863506199,-723.279276350023
"Bucks","HP04",0,NA,0,0,0,10,39.9321944660726,1,6.16008161282754,-318.198438451458
"Devil's Gap","HP06",0,NA,0,0,0,10,39.6979363929012,0,89.914244342674,-300.91933645587
"Pidgeon","RM01",0,0,0,0,0,10,39.8552873661604,0,13.2997405886081,-35.2047932278663
"Devil's Gap","HP07",0,0,0,0,0,10,39.6961852189306,24,79.6190066659857,-366.761970819994
"Pidgeon","RM03",0,0,0,0,0,10,39.8509912187667,1,8.24824800982699,2.72797559576200
"Lookout","HP06",0,NA,0,0,0,10,39.8596439839182,0,0.155619953993424,-833.108464767238
"Devil's Gap","RM04",0,NA,0,0,0,10,39.7154316666178,1,10.6942846858053,-582.500915961453
"Bucks","RM09",0,0,0,0,0,10,39.9198468922436,8,0,-764.1398755654
"Devil's Gap","RM05",0,0,0,0,0,10,39.7176146416642,0,0,-581.450506452745
"Treasure","RG07",0,0,0,0,0,8,39.5508293259087,2,94.2940067139219,258.295309299128
"Pidgeon","HP02",0,NA,0,0,0,10,39.8557470590511,7,87.5687225347062,-474.983597028544
"Devil's Gap","RM09",0,0,0,0,0,10,39.7162719495668,13,96.2770963738273,-32.0965864657534
"Bucks","RM10",0,NA,0,0,0,10,39.9173977613194,4,5.34697309992848,-765.31835463922
"Bucks","RM03",0,0,0,0,0,10,39.9256991142273,1,3.6755441635942,-641.323888443192
"Scotch","RM08",0,NA,0,0,0,1,39.7751336224475,3,0,-873.773376361062
"Pidgeon","RM02",0,NA,0,0,0,10,39.8529762082372,4,11.3144789433277,3.68311789935459
"Devil's Gap","RM06",0,NA,0,0,0,10,39.7148877659736,8,29.4669927618408,-382.762631462694
"Treasure","RG05",0,0,0,0,1,8,39.547711010339,10,100,336.794830248314
"Pidgeon","HP01",0,0,0,0,0,10,39.8571420361607,0,60.4647804051245,-426.312358379812
"Treasure","RG06",0,0,0,0,1,8,39.5485772520008,13,87.3303129061552,457.211650623742
"Lookout","HP04",0,NA,0,0,0,10,39.8587679729529,10,29.4376696398091,-753.52998596108
"Bucks","RM07",0,0,0,0,0,10,39.9237742795918,6,4.39732157522317,-642.250085289629
"Devil's Gap","RM08",0,NA,0,0,0,10,39.7150711529576,6,65.0584201405385,-282.674388845316
"Bucks","RM08",0,NA,0,0,0,10,39.922186492234,1,10.6668540036684,-683.014100866075
"Devil's Gap","HP02",0,NA,0,0,0,10,39.7066562793480,4,76.2312361438163,-86.7234792225478
"Bucks","HP03",0,0,0,0,0,10,39.9294952430045,0,0.65837094220511,-359.497257501881
"Bucks","HP02",0,NA,0,0,0,10,39.9297705399711,2,20.5099323968411,-319.364789404313
"Devil's Gap","HP09",0,0,0,0,0,10,39.6922567922804,8,85.7386355459905,-393.652261189755
"Lookout","HP05",0,0,0,0,0,10,39.8585432883006,0,0,-673.638100295974
"Lookout","HP08",0,NA,0,0,0,10,39.8579673071261,1,1.29878609499238,-833.915252388725
"Devil's Gap","RM07",0,0,0,0,0,10,39.7136835742661,10,39.1792871655008,-383.342067504327
"Bucks","RM02",0,NA,0,0,0,10,39.925435327828,2,39.2534236928583,-761.450817856586
"Bucks","RM04",0,NA,0,0,0,10,39.9240644453233,2,31.5169588362049,-642.110462601785
"Bucks","RM01",0,0,0,0,0,10,39.9277906169042,1,28.3882226147575,-680.317493842883
"Bucks","HP09",0,0,0,0,0,10,39.9434916711643,0,38.8599879369697,-312.762420449445
"Horton2","RM10",0,NA,0,0,0,10,39.8862385854212,7,99.995832867865,1339.68839351348
"McNally","RM11",0,0,0,0,0,7,35.9500100593774,1,56.8358092157787,-1314.35610279549
"Gondola","DM04",0,0,0,0,1,7,38.95263694098,12,96.2562065626353,1530.45556958084
"Gondola","DM01",0,0,0,0,0,7,38.9566227178557,4,76.4248868765088,1852.37345587860
"Gondola","DM02",0,0,0,0,0,7,38.9553180282629,28,89.7476976967552,2051.74566200782
"Gondola","DM03",0,0,0,0,0,7,38.9539330526165,25,79.446818788869,1571.07923588870
"Gondola","BW01",0,NA,1,NA,NA,7,38.9563602631192,15,92.7968180701177,2052.24716723811
"Gondola","DM05",0,0,0,0,0,7,38.9523499655184,11,86.730873820157,1270.31748199522
"Gondola","DM06",0,0,0,0,0,7,38.9525022497228,2,70.101240908243,850.390758497665
"Gondola","BW04",1,NA,0,0,0,7,38.9523950675215,12,53.5888959731127,1450.33918429227
"Gondola","BW05",0,NA,0,0,0,7,38.9513229603225,1,55.1619818277256,1149.82330501182
"Gondola","BW02",0,NA,0,1,NA,7,38.9558678359032,10,52.4391711046453,1852.01021985253
"Mud","RS01",0,0,0,0,0,6,38.4346413085540,0,0,701.205108075084
"Gondola","BW03",0,NA,0,1,NA,7,38.9533287351941,10,63.06967220277,1550.78844888780
